572 	 0 	 0 	 4.26 	 3238 	 0.00101215 	 988.00000000 	 1.00000000 	 0.00101215 	 988.00000000 	 291824 	 43528.7 	 43200 	 0 	 .\mup_settings_ff0101070302.txt_00.txt 
563 	 0 	 0 	 1.74 	 3159 	 0.00104493 	 957.00000000 	 1.00000000 	 0.00104493 	 957.00000000 	 284571 	 43295.1 	 43200 	 0 	 .\mup_settings_ff0202070302.txt_00.txt 
577 	 0 	 0 	 6.48 	 3188 	 0.00106270 	 941.00000000 	 1.00000000 	 0.00106270 	 941.00000000 	 307044 	 43457.1 	 43200 	 0 	 .\mup_settings_ff0303070302.txt_00.txt 
584 	 0 	 0 	 1.39 	 3328 	 0.00101523 	 985.00000000 	 1.00000000 	 0.00101523 	 985.00000000 	 277665 	 43294.8 	 43200 	 0 	 .\mup_settings_ff0404070302.txt_00.txt 
588 	 0 	 0 	 2.82 	 3316 	 0.00101317 	 987.00000000 	 1.00000000 	 0.00101317 	 987.00000000 	 277195 	 43334.1 	 43200 	 0 	 .\mup_settings_ff0505070302.txt_00.txt 
572 	 0 	 0 	 4.26 	 3238 	 0.00102987 	 971.00000000 	 1.00000000 	 0.00102987 	 971.00000000 	 275672 	 43327.5 	 43200 	 0 	 .\mup_settings_ff0606070302.txt_00.txt 
587 	 0 	 0 	 6.73 	 3304 	 0.00105597 	 947.00000000 	 1.00000000 	 0.00105597 	 947.00000000 	 283131 	 43236.3 	 43200 	 0 	 .\mup_settings_ff0707070302.txt_00.txt 
584 	 0 	 0 	 6.08 	 3236 	 0.00105042 	 952.00000000 	 1.00000000 	 0.00105042 	 952.00000000 	 292675 	 43490.2 	 43200 	 0 	 .\mup_settings_ff0808070302.txt_00.txt 
561 	 0 	 0 	 6.02 	 3094 	 0.00102987 	 971.00000000 	 1.00000000 	 0.00102987 	 971.00000000 	 301076 	 43250.5 	 43200 	 0 	 .\mup_settings_ff0909070302.txt_00.txt 
555 	 0 	 0 	 2.38 	 3116 	 0.00098328 	 1017.00000000 	 1.00000000 	 0.00098328 	 1017.00000000 	 301838 	 43263.6 	 43200 	 0 	 .\mup_settings_ff1010070302.txt_00.txt 
572 	 0 	 0 	 2.32 	 3637 	 0.00104712 	 955.00000000 	 1.00000000 	 0.00104712 	 955.00000000 	 115677 	 43421.7 	 43200 	 0 	 .\mup_settings_ff0101070305.txt_00.txt 
563 	 0 	 0 	 4.16 	 3549 	 0.00107066 	 934.00000000 	 1.00000000 	 0.00107066 	 934.00000000 	 113427 	 43200.7 	 43200 	 0 	 .\mup_settings_ff0202070305.txt_00.txt 
577 	 0 	 0 	 1.47 	 3583 	 0.00109409 	 914.00000000 	 1.00000000 	 0.00109409 	 914.00000000 	 123492 	 43526.5 	 43200 	 0 	 .\mup_settings_ff0303070305.txt_00.txt 
584 	 0 	 0 	 2.70 	 3736 	 0.00105152 	 951.00000000 	 1.00000000 	 0.00105152 	 951.00000000 	 109747 	 43240.3 	 43200 	 0 	 .\mup_settings_ff0404070305.txt_00.txt 
588 	 0 	 0 	 8.74 	 3723 	 0.00104275 	 959.00000000 	 1.00000000 	 0.00104275 	 959.00000000 	 108765 	 43393.1 	 43200 	 0 	 .\mup_settings_ff0505070305.txt_00.txt 
572 	 0 	 0 	 2.32 	 3637 	 0.00107527 	 930.00000000 	 1.00000000 	 0.00107527 	 930.00000000 	 108590 	 44251.2 	 43200 	 0 	 .\mup_settings_ff0606070305.txt_00.txt 
587 	 0 	 0 	 1.33 	 3711 	 0.00108460 	 922.00000000 	 1.00000000 	 0.00108460 	 922.00000000 	 113393 	 43567.2 	 43200 	 0 	 .\mup_settings_ff0707070305.txt_00.txt 
584 	 0 	 0 	 2.07 	 3636 	 0.00108460 	 922.00000000 	 1.00000000 	 0.00108460 	 922.00000000 	 118564 	 44078.0 	 43200 	 0 	 .\mup_settings_ff0808070305.txt_00.txt 
561 	 0 	 0 	 6.19 	 3478 	 0.00107181 	 933.00000000 	 1.00000000 	 0.00107181 	 933.00000000 	 120531 	 43646.5 	 43200 	 0 	 .\mup_settings_ff0909070305.txt_00.txt 
555 	 0 	 0 	 9.57 	 3501 	 0.00100100 	 999.00000000 	 1.00000000 	 0.00100100 	 999.00000000 	 122290 	 43455.1 	 43200 	 0 	 .\mup_settings_ff1010070305.txt_00.txt 
572 	 0 	 0 	 9.95 	 3938 	 0.00105485 	 948.00000000 	 1.00000000 	 0.00105485 	 948.00000000 	 55564 	 43422.6 	 43200 	 0 	 .\mup_settings_ff0101070310.txt_00.txt 
563 	 0 	 0 	 8.51 	 3844 	 0.00107875 	 927.00000000 	 1.00000000 	 0.00107875 	 927.00000000 	 55875 	 44501.0 	 43200 	 0 	 .\mup_settings_ff0202070310.txt_00.txt 
577 	 0 	 0 	 3.09 	 3881 	 0.00111359 	 898.00000000 	 1.00000000 	 0.00111359 	 898.00000000 	 60150 	 43830.4 	 43200 	 0 	 .\mup_settings_ff0303070310.txt_00.txt 
584 	 0 	 0 	 1.94 	 4045 	 0.00104932 	 953.00000000 	 1.00000000 	 0.00104932 	 953.00000000 	 54663 	 44951.2 	 43200 	 0 	 .\mup_settings_ff0404070310.txt_00.txt 
588 	 0 	 0 	 1.57 	 4032 	 0.00106496 	 939.00000000 	 1.00000000 	 0.00106496 	 939.00000000 	 52549 	 44749.8 	 43200 	 0 	 .\mup_settings_ff0505070310.txt_00.txt 
572 	 0 	 0 	 9.95 	 3938 	 0.00106496 	 939.00000000 	 1.00000000 	 0.00106496 	 939.00000000 	 52641 	 44738.4 	 43200 	 0 	 .\mup_settings_ff0606070310.txt_00.txt 
587 	 0 	 0 	 2.99 	 4018 	 0.00110132 	 908.00000000 	 1.00000000 	 0.00110132 	 908.00000000 	 55307 	 44604.4 	 43200 	 0 	 .\mup_settings_ff0707070310.txt_00.txt 
584 	 0 	 0 	 3.54 	 3938 	 0.00109290 	 915.00000000 	 1.00000000 	 0.00109290 	 915.00000000 	 55557 	 43249.7 	 43200 	 0 	 .\mup_settings_ff0808070310.txt_00.txt 
561 	 0 	 0 	 1.93 	 3769 	 0.00107296 	 932.00000000 	 1.00000000 	 0.00107296 	 932.00000000 	 59975 	 45715.5 	 43200 	 0 	 .\mup_settings_ff0909070310.txt_00.txt 
555 	 0 	 0 	 4.77 	 3793 	 0.00100908 	 991.00000000 	 1.00000000 	 0.00100908 	 991.00000000 	 57860 	 43963.3 	 43200 	 0 	 .\mup_settings_ff1010070310.txt_00.txt 
572 	 0 	 0 	 4.26 	 4240 	 0.00105708 	 946.00000000 	 1.00000000 	 0.00105708 	 946.00000000 	 27017 	 44873.0 	 43200 	 0 	 .\mup_settings_ff0101070320.txt_00.txt 
563 	 0 	 0 	 1.74 	 4140 	 0.00108460 	 922.00000000 	 1.00000000 	 0.00108460 	 922.00000000 	 27952 	 46260.3 	 43200 	 0 	 .\mup_settings_ff0202070320.txt_00.txt 
577 	 0 	 0 	 6.48 	 4179 	 0.00110742 	 903.00000000 	 1.00000000 	 0.00110742 	 903.00000000 	 29157 	 45077.2 	 43200 	 0 	 .\mup_settings_ff0303070320.txt_00.txt 
584 	 0 	 0 	 1.39 	 4354 	 0.00106496 	 939.00000000 	 1.00000000 	 0.00106496 	 939.00000000 	 25187 	 43885.6 	 43200 	 0 	 .\mup_settings_ff0404070320.txt_00.txt 
588 	 0 	 0 	 2.82 	 4340 	 0.00106383 	 940.00000000 	 1.00000000 	 0.00106383 	 940.00000000 	 25019 	 45406.1 	 43200 	 0 	 .\mup_settings_ff0505070320.txt_00.txt 
572 	 0 	 0 	 4.26 	 4240 	 0.00108460 	 922.00000000 	 1.00000000 	 0.00108460 	 922.00000000 	 27147 	 47880.4 	 43200 	 0 	 .\mup_settings_ff0606070320.txt_00.txt 
587 	 0 	 0 	 6.73 	 4325 	 0.00110865 	 902.00000000 	 1.00000000 	 0.00110865 	 902.00000000 	 26131 	 44600.8 	 43200 	 0 	 .\mup_settings_ff0707070320.txt_00.txt 
584 	 0 	 0 	 6.08 	 4240 	 0.00110011 	 909.00000000 	 1.00000000 	 0.00110011 	 909.00000000 	 27703 	 45312.7 	 43200 	 0 	 .\mup_settings_ff0808070320.txt_00.txt 
561 	 0 	 0 	 6.02 	 4059 	 0.00107875 	 927.00000000 	 1.00000000 	 0.00107875 	 927.00000000 	 28873 	 46354.8 	 43200 	 0 	 .\mup_settings_ff0909070320.txt_00.txt 
555 	 0 	 0 	 2.38 	 4085 	 0.00102041 	 980.00000000 	 1.00000000 	 0.00102041 	 980.00000000 	 27242 	 43883.0 	 43200 	 0 	 .\mup_settings_ff1010070320.txt_00.txt 
572 	 0 	 0 	 1.18 	 4417 	 0.00105820 	 945.00000000 	 1.00000000 	 0.00105820 	 945.00000000 	 17147 	 44937.6 	 43200 	 0 	 .\mup_settings_ff0101070330.txt_00.txt 
563 	 0 	 0 	 9.68 	 4312 	 0.00109649 	 912.00000000 	 1.00000000 	 0.00109649 	 912.00000000 	 19125 	 49650.9 	 43200 	 0 	 .\mup_settings_ff0202070330.txt_00.txt 
577 	 0 	 0 	 2.08 	 4354 	 0.00110988 	 901.00000000 	 1.00000000 	 0.00110988 	 901.00000000 	 18824 	 45101.2 	 43200 	 0 	 .\mup_settings_ff0303070330.txt_00.txt 
584 	 0 	 0 	 6.53 	 4534 	 0.00106610 	 938.00000000 	 1.00000000 	 0.00106610 	 938.00000000 	 17613 	 47265.8 	 43200 	 0 	 .\mup_settings_ff0404070330.txt_00.txt 
588 	 0 	 0 	 5.87 	 4520 	 0.00107066 	 934.00000000 	 1.00000000 	 0.00107066 	 934.00000000 	 17887 	 49348.6 	 43200 	 0 	 .\mup_settings_ff0505070330.txt_00.txt 
572 	 0 	 0 	 1.18 	 4417 	 0.00107875 	 927.00000000 	 1.00000000 	 0.00107875 	 927.00000000 	 17479 	 47613.8 	 43200 	 0 	 .\mup_settings_ff0606070330.txt_00.txt 
587 	 0 	 0 	 4.14 	 4505 	 0.00112233 	 891.00000000 	 1.00000000 	 0.00112233 	 891.00000000 	 17206 	 45085.5 	 43200 	 0 	 .\mup_settings_ff0707070330.txt_00.txt 
584 	 0 	 0 	 3.80 	 4417 	 0.00110254 	 907.00000000 	 1.00000000 	 0.00110254 	 907.00000000 	 17596 	 43750.4 	 43200 	 0 	 .\mup_settings_ff0808070330.txt_00.txt 
561 	 0 	 0 	 5.10 	 4229 	 0.00107643 	 929.00000000 	 1.00000000 	 0.00107643 	 929.00000000 	 18524 	 44836.7 	 43200 	 0 	 .\mup_settings_ff0909070330.txt_00.txt 
555 	 0 	 0 	 1.02 	 4256 	 0.00101317 	 987.00000000 	 1.00000000 	 0.00101317 	 987.00000000 	 18204 	 44790.8 	 43200 	 0 	 .\mup_settings_ff1010070330.txt_00.txt 
572 	 0 	 0 	 4.26 	 3238 	 0.00206612 	 484.00000000 	 1.00000000 	 0.00206612 	 484.00000000 	 445622 	 43312.0 	 43200 	 0 	 .\mup_settings_ff0101070602.txt_00.txt 
563 	 0 	 0 	 1.74 	 3159 	 0.00211864 	 472.00000000 	 1.00000000 	 0.00211864 	 472.00000000 	 443994 	 43346.9 	 43200 	 0 	 .\mup_settings_ff0202070602.txt_00.txt 
577 	 0 	 0 	 6.48 	 3188 	 0.00216450 	 462.00000000 	 1.00000000 	 0.00216450 	 462.00000000 	 474787 	 43511.5 	 43200 	 0 	 .\mup_settings_ff0303070602.txt_00.txt 
584 	 0 	 0 	 1.39 	 3328 	 0.00206612 	 484.00000000 	 1.00000000 	 0.00206612 	 484.00000000 	 426168 	 43344.4 	 43200 	 0 	 .\mup_settings_ff0404070602.txt_00.txt 
588 	 0 	 0 	 2.82 	 3316 	 0.00204082 	 490.00000000 	 1.00000000 	 0.00204082 	 490.00000000 	 437189 	 43410.6 	 43200 	 0 	 .\mup_settings_ff0505070602.txt_00.txt 
572 	 0 	 0 	 4.26 	 3238 	 0.00210526 	 475.00000000 	 1.00000000 	 0.00210526 	 475.00000000 	 423357 	 43256.7 	 43200 	 0 	 .\mup_settings_ff0606070602.txt_00.txt 
587 	 0 	 0 	 6.73 	 3304 	 0.00214592 	 466.00000000 	 1.00000000 	 0.00214592 	 466.00000000 	 438537 	 43567.4 	 43200 	 0 	 .\mup_settings_ff0707070602.txt_00.txt 
584 	 0 	 0 	 6.08 	 3236 	 0.00216450 	 462.00000000 	 1.00000000 	 0.00216450 	 462.00000000 	 456240 	 43372.6 	 43200 	 0 	 .\mup_settings_ff0808070602.txt_00.txt 
561 	 0 	 0 	 6.02 	 3094 	 0.00210526 	 475.00000000 	 1.00000000 	 0.00210526 	 475.00000000 	 462907 	 43219.7 	 43200 	 0 	 .\mup_settings_ff0909070602.txt_00.txt 
555 	 0 	 0 	 2.38 	 3116 	 0.00201207 	 497.00000000 	 1.00000000 	 0.00201207 	 497.00000000 	 466729 	 43248.4 	 43200 	 0 	 .\mup_settings_ff1010070602.txt_00.txt 
572 	 0 	 0 	 2.32 	 3637 	 0.00215983 	 463.00000000 	 1.00000000 	 0.00215983 	 463.00000000 	 187558 	 43737.4 	 43200 	 0 	 .\mup_settings_ff0101070605.txt_00.txt 
563 	 0 	 0 	 4.16 	 3549 	 0.00222222 	 450.00000000 	 1.00000000 	 0.00222222 	 450.00000000 	 184140 	 43422.8 	 43200 	 0 	 .\mup_settings_ff0202070605.txt_00.txt 
577 	 0 	 0 	 1.47 	 3583 	 0.00224215 	 446.00000000 	 1.00000000 	 0.00224215 	 446.00000000 	 200126 	 43887.7 	 43200 	 0 	 .\mup_settings_ff0303070605.txt_00.txt 
584 	 0 	 0 	 2.70 	 3736 	 0.00216450 	 462.00000000 	 1.00000000 	 0.00216450 	 462.00000000 	 176162 	 43251.0 	 43200 	 0 	 .\mup_settings_ff0404070605.txt_00.txt 
588 	 0 	 0 	 8.74 	 3723 	 0.00217865 	 459.00000000 	 1.00000000 	 0.00217865 	 459.00000000 	 174890 	 43331.6 	 43200 	 0 	 .\mup_settings_ff0505070605.txt_00.txt 
572 	 0 	 0 	 2.32 	 3637 	 0.00219780 	 455.00000000 	 1.00000000 	 0.00219780 	 455.00000000 	 172774 	 43255.1 	 43200 	 0 	 .\mup_settings_ff0606070605.txt_00.txt 
587 	 0 	 0 	 1.33 	 3711 	 0.00221729 	 451.00000000 	 1.00000000 	 0.00221729 	 451.00000000 	 181807 	 43409.7 	 43200 	 0 	 .\mup_settings_ff0707070605.txt_00.txt 
584 	 0 	 0 	 2.07 	 3636 	 0.00224719 	 445.00000000 	 1.00000000 	 0.00224719 	 445.00000000 	 188168 	 43811.8 	 43200 	 0 	 .\mup_settings_ff0808070605.txt_00.txt 
561 	 0 	 0 	 6.19 	 3478 	 0.00216920 	 461.00000000 	 1.00000000 	 0.00216920 	 461.00000000 	 192284 	 43297.8 	 43200 	 0 	 .\mup_settings_ff0909070605.txt_00.txt 
555 	 0 	 0 	 9.57 	 3501 	 0.00204918 	 488.00000000 	 1.00000000 	 0.00204918 	 488.00000000 	 190900 	 43426.3 	 43200 	 0 	 .\mup_settings_ff1010070605.txt_00.txt 
572 	 0 	 0 	 9.95 	 3938 	 0.00217391 	 460.00000000 	 1.00000000 	 0.00217391 	 460.00000000 	 92405 	 44602.0 	 43200 	 0 	 .\mup_settings_ff0101070610.txt_00.txt 
563 	 0 	 0 	 8.51 	 3844 	 0.00224215 	 446.00000000 	 1.00000000 	 0.00224215 	 446.00000000 	 90836 	 44150.2 	 43200 	 0 	 .\mup_settings_ff0202070610.txt_00.txt 
577 	 0 	 0 	 3.09 	 3881 	 0.00227790 	 439.00000000 	 1.00000000 	 0.00227790 	 439.00000000 	 97077 	 43907.2 	 43200 	 0 	 .\mup_settings_ff0303070610.txt_00.txt 
584 	 0 	 0 	 1.94 	 4045 	 0.00216920 	 461.00000000 	 1.00000000 	 0.00216920 	 461.00000000 	 86861 	 44574.9 	 43200 	 0 	 .\mup_settings_ff0404070610.txt_00.txt 
588 	 0 	 0 	 1.57 	 4032 	 0.00219298 	 456.00000000 	 1.00000000 	 0.00219298 	 456.00000000 	 87042 	 44416.0 	 43200 	 0 	 .\mup_settings_ff0505070610.txt_00.txt 
572 	 0 	 0 	 9.95 	 3938 	 0.00220264 	 454.00000000 	 1.00000000 	 0.00220264 	 454.00000000 	 84347 	 44150.5 	 43200 	 0 	 .\mup_settings_ff0606070610.txt_00.txt 
587 	 0 	 0 	 2.99 	 4018 	 0.00225225 	 444.00000000 	 1.00000000 	 0.00225225 	 444.00000000 	 88903 	 43871.4 	 43200 	 0 	 .\mup_settings_ff0707070610.txt_00.txt 
584 	 0 	 0 	 3.54 	 3938 	 0.00225225 	 444.00000000 	 1.00000000 	 0.00225225 	 444.00000000 	 92919 	 44169.8 	 43200 	 0 	 .\mup_settings_ff0808070610.txt_00.txt 
561 	 0 	 0 	 1.93 	 3769 	 0.00222222 	 450.00000000 	 1.00000000 	 0.00222222 	 450.00000000 	 95021 	 44239.2 	 43200 	 0 	 .\mup_settings_ff0909070610.txt_00.txt 
555 	 0 	 0 	 4.77 	 3793 	 0.00207039 	 483.00000000 	 1.00000000 	 0.00207039 	 483.00000000 	 93945 	 43780.4 	 43200 	 0 	 .\mup_settings_ff1010070610.txt_00.txt 
572 	 0 	 0 	 4.26 	 4240 	 0.00218341 	 458.00000000 	 1.00000000 	 0.00218341 	 458.00000000 	 43662 	 44008.8 	 43200 	 0 	 .\mup_settings_ff0101070620.txt_00.txt 
563 	 0 	 0 	 1.74 	 4140 	 0.00226244 	 442.00000000 	 1.00000000 	 0.00226244 	 442.00000000 	 45718 	 45514.3 	 43200 	 0 	 .\mup_settings_ff0202070620.txt_00.txt 
577 	 0 	 0 	 6.48 	 4179 	 0.00229885 	 435.00000000 	 1.00000000 	 0.00229885 	 435.00000000 	 47195 	 44631.7 	 43200 	 0 	 .\mup_settings_ff0303070620.txt_00.txt 
584 	 0 	 0 	 1.39 	 4354 	 0.00219780 	 455.00000000 	 1.00000000 	 0.00219780 	 455.00000000 	 41725 	 43735.1 	 43200 	 0 	 .\mup_settings_ff0404070620.txt_00.txt 
588 	 0 	 0 	 2.82 	 4340 	 0.00220264 	 454.00000000 	 1.00000000 	 0.00220264 	 454.00000000 	 41502 	 43826.5 	 43200 	 0 	 .\mup_settings_ff0505070620.txt_00.txt 
572 	 0 	 0 	 4.26 	 4240 	 0.00222222 	 450.00000000 	 1.00000000 	 0.00222222 	 450.00000000 	 41339 	 44264.9 	 43200 	 0 	 .\mup_settings_ff0606070620.txt_00.txt 
587 	 0 	 0 	 6.73 	 4325 	 0.00228833 	 437.00000000 	 1.00000000 	 0.00228833 	 437.00000000 	 41621 	 43559.2 	 43200 	 0 	 .\mup_settings_ff0707070620.txt_00.txt 
584 	 0 	 0 	 6.08 	 4240 	 0.00229358 	 436.00000000 	 1.00000000 	 0.00229358 	 436.00000000 	 45439 	 44568.7 	 43200 	 0 	 .\mup_settings_ff0808070620.txt_00.txt 
561 	 0 	 0 	 6.02 	 4059 	 0.00224215 	 446.00000000 	 1.00000000 	 0.00224215 	 446.00000000 	 48165 	 46481.0 	 43200 	 0 	 .\mup_settings_ff0909070620.txt_00.txt 
555 	 0 	 0 	 2.38 	 4085 	 0.00207900 	 481.00000000 	 1.00000000 	 0.00207900 	 481.00000000 	 47063 	 45670.4 	 43200 	 0 	 .\mup_settings_ff1010070620.txt_00.txt 
572 	 0 	 0 	 1.18 	 4417 	 0.00217865 	 459.00000000 	 1.00000000 	 0.00217865 	 459.00000000 	 28838 	 45464.3 	 43200 	 0 	 .\mup_settings_ff0101070630.txt_00.txt 
563 	 0 	 0 	 9.68 	 4312 	 0.00225734 	 443.00000000 	 1.00000000 	 0.00225734 	 443.00000000 	 29169 	 45543.6 	 43200 	 0 	 .\mup_settings_ff0202070630.txt_00.txt 
577 	 0 	 0 	 2.08 	 4354 	 0.00228833 	 437.00000000 	 1.00000000 	 0.00228833 	 437.00000000 	 31260 	 45159.1 	 43200 	 0 	 .\mup_settings_ff0303070630.txt_00.txt 
584 	 0 	 0 	 6.53 	 4534 	 0.00219780 	 455.00000000 	 1.00000000 	 0.00219780 	 455.00000000 	 26523 	 43601.7 	 43200 	 0 	 .\mup_settings_ff0404070630.txt_00.txt 
588 	 0 	 0 	 5.87 	 4520 	 0.00222222 	 450.00000000 	 1.00000000 	 0.00222222 	 450.00000000 	 27510 	 45646.0 	 43200 	 0 	 .\mup_settings_ff0505070630.txt_00.txt 
572 	 0 	 0 	 1.18 	 4417 	 0.00222717 	 449.00000000 	 1.00000000 	 0.00222717 	 449.00000000 	 26170 	 43422.8 	 43200 	 0 	 .\mup_settings_ff0606070630.txt_00.txt 
587 	 0 	 0 	 4.14 	 4505 	 0.00229885 	 435.00000000 	 1.00000000 	 0.00229885 	 435.00000000 	 26598 	 43432.9 	 43200 	 0 	 .\mup_settings_ff0707070630.txt_00.txt 
584 	 0 	 0 	 3.80 	 4417 	 0.00229358 	 436.00000000 	 1.00000000 	 0.00229358 	 436.00000000 	 28808 	 43966.3 	 43200 	 0 	 .\mup_settings_ff0808070630.txt_00.txt 
561 	 0 	 0 	 5.10 	 4229 	 0.00224719 	 445.00000000 	 1.00000000 	 0.00224719 	 445.00000000 	 30746 	 44965.2 	 43200 	 0 	 .\mup_settings_ff0909070630.txt_00.txt 
555 	 0 	 0 	 1.02 	 4256 	 0.00208768 	 479.00000000 	 1.00000000 	 0.00208768 	 479.00000000 	 29921 	 44842.9 	 43200 	 0 	 .\mup_settings_ff1010070630.txt_00.txt 
572 	 0 	 0 	 4.26 	 3238 	 0.00311526 	 321.00000000 	 1.00000000 	 0.00311526 	 321.00000000 	 552459 	 43563.1 	 43200 	 0 	 .\mup_settings_ff0101070902.txt_00.txt 
563 	 0 	 0 	 1.74 	 3159 	 0.00323625 	 309.00000000 	 1.00000000 	 0.00323625 	 309.00000000 	 547307 	 43243.4 	 43200 	 0 	 .\mup_settings_ff0202070902.txt_00.txt 
577 	 0 	 0 	 6.48 	 3188 	 0.00327869 	 305.00000000 	 1.00000000 	 0.00327869 	 305.00000000 	 594119 	 43646.7 	 43200 	 0 	 .\mup_settings_ff0303070902.txt_00.txt 
584 	 0 	 0 	 1.39 	 3328 	 0.00310559 	 322.00000000 	 1.00000000 	 0.00310559 	 322.00000000 	 540389 	 43312.3 	 43200 	 0 	 .\mup_settings_ff0404070902.txt_00.txt 
588 	 0 	 0 	 2.82 	 3316 	 0.00307692 	 325.00000000 	 1.00000000 	 0.00307692 	 325.00000000 	 554398 	 43360.0 	 43200 	 0 	 .\mup_settings_ff0505070902.txt_00.txt 
572 	 0 	 0 	 4.26 	 3238 	 0.00317460 	 315.00000000 	 1.00000000 	 0.00317460 	 315.00000000 	 533812 	 43362.7 	 43200 	 0 	 .\mup_settings_ff0606070902.txt_00.txt 
587 	 0 	 0 	 6.73 	 3304 	 0.00328947 	 304.00000000 	 1.00000000 	 0.00328947 	 304.00000000 	 558200 	 43567.7 	 43200 	 0 	 .\mup_settings_ff0707070902.txt_00.txt 
584 	 0 	 0 	 6.08 	 3236 	 0.00323625 	 309.00000000 	 1.00000000 	 0.00323625 	 309.00000000 	 582375 	 43753.6 	 43200 	 0 	 .\mup_settings_ff0808070902.txt_00.txt 
561 	 0 	 0 	 6.02 	 3094 	 0.00317460 	 315.00000000 	 1.00000000 	 0.00317460 	 315.00000000 	 584964 	 43319.9 	 43200 	 0 	 .\mup_settings_ff0909070902.txt_00.txt 
555 	 0 	 0 	 2.38 	 3116 	 0.00299401 	 334.00000000 	 1.00000000 	 0.00299401 	 334.00000000 	 578944 	 43266.0 	 43200 	 0 	 .\mup_settings_ff1010070902.txt_00.txt 
572 	 0 	 0 	 2.32 	 3637 	 0.00318471 	 314.00000000 	 1.00000000 	 0.00318471 	 314.00000000 	 244810 	 43370.8 	 43200 	 0 	 .\mup_settings_ff0101070905.txt_00.txt 
563 	 0 	 0 	 4.16 	 3549 	 0.00336700 	 297.00000000 	 1.00000000 	 0.00336700 	 297.00000000 	 239387 	 43242.9 	 43200 	 0 	 .\mup_settings_ff0202070905.txt_00.txt 
577 	 0 	 0 	 1.47 	 3583 	 0.00336700 	 297.00000000 	 1.00000000 	 0.00336700 	 297.00000000 	 258327 	 43547.4 	 43200 	 0 	 .\mup_settings_ff0303070905.txt_00.txt 
584 	 0 	 0 	 2.70 	 3736 	 0.00327869 	 305.00000000 	 1.00000000 	 0.00327869 	 305.00000000 	 235390 	 43714.2 	 43200 	 0 	 .\mup_settings_ff0404070905.txt_00.txt 
588 	 0 	 0 	 8.74 	 3723 	 0.00327869 	 305.00000000 	 1.00000000 	 0.00327869 	 305.00000000 	 228714 	 43648.4 	 43200 	 0 	 .\mup_settings_ff0505070905.txt_00.txt 
572 	 0 	 0 	 2.32 	 3637 	 0.00331126 	 302.00000000 	 1.00000000 	 0.00331126 	 302.00000000 	 225055 	 43317.5 	 43200 	 0 	 .\mup_settings_ff0606070905.txt_00.txt 
587 	 0 	 0 	 1.33 	 3711 	 0.00334448 	 299.00000000 	 1.00000000 	 0.00334448 	 299.00000000 	 237389 	 43338.1 	 43200 	 0 	 .\mup_settings_ff0707070905.txt_00.txt 
584 	 0 	 0 	 2.07 	 3636 	 0.00341297 	 293.00000000 	 1.00000000 	 0.00341297 	 293.00000000 	 244636 	 43719.7 	 43200 	 0 	 .\mup_settings_ff0808070905.txt_00.txt 
561 	 0 	 0 	 6.19 	 3478 	 0.00328947 	 304.00000000 	 1.00000000 	 0.00328947 	 304.00000000 	 249450 	 43284.7 	 43200 	 0 	 .\mup_settings_ff0909070905.txt_00.txt 
555 	 0 	 0 	 9.57 	 3501 	 0.00306748 	 326.00000000 	 1.00000000 	 0.00306748 	 326.00000000 	 255400 	 43645.8 	 43200 	 0 	 .\mup_settings_ff1010070905.txt_00.txt 
572 	 0 	 0 	 9.95 	 3938 	 0.00331126 	 302.00000000 	 1.00000000 	 0.00331126 	 302.00000000 	 117403 	 43237.1 	 43200 	 0 	 .\mup_settings_ff0101070910.txt_00.txt 
563 	 0 	 0 	 8.51 	 3844 	 0.00342466 	 292.00000000 	 1.00000000 	 0.00342466 	 292.00000000 	 122531 	 43894.2 	 43200 	 0 	 .\mup_settings_ff0202070910.txt_00.txt 
577 	 0 	 0 	 3.09 	 3881 	 0.00343643 	 291.00000000 	 1.00000000 	 0.00343643 	 291.00000000 	 126879 	 43495.7 	 43200 	 0 	 .\mup_settings_ff0303070910.txt_00.txt 
584 	 0 	 0 	 1.94 	 4045 	 0.00327869 	 305.00000000 	 1.00000000 	 0.00327869 	 305.00000000 	 117332 	 45113.1 	 43200 	 0 	 .\mup_settings_ff0404070910.txt_00.txt 
588 	 0 	 0 	 1.57 	 4032 	 0.00334448 	 299.00000000 	 1.00000000 	 0.00334448 	 299.00000000 	 112621 	 43461.1 	 43200 	 0 	 .\mup_settings_ff0505070910.txt_00.txt 
572 	 0 	 0 	 9.95 	 3938 	 0.00333333 	 300.00000000 	 1.00000000 	 0.00333333 	 300.00000000 	 114091 	 43823.6 	 43200 	 0 	 .\mup_settings_ff0606070910.txt_00.txt 
587 	 0 	 0 	 2.99 	 4018 	 0.00341297 	 293.00000000 	 1.00000000 	 0.00341297 	 293.00000000 	 117524 	 43472.3 	 43200 	 0 	 .\mup_settings_ff0707070910.txt_00.txt 
584 	 0 	 0 	 3.54 	 3938 	 0.00347222 	 288.00000000 	 1.00000000 	 0.00347222 	 288.00000000 	 122346 	 43921.7 	 43200 	 0 	 .\mup_settings_ff0808070910.txt_00.txt 
561 	 0 	 0 	 1.93 	 3769 	 0.00338983 	 295.00000000 	 1.00000000 	 0.00338983 	 295.00000000 	 125565 	 43995.1 	 43200 	 0 	 .\mup_settings_ff0909070910.txt_00.txt 
555 	 0 	 0 	 4.77 	 3793 	 0.00313480 	 319.00000000 	 1.00000000 	 0.00313480 	 319.00000000 	 124015 	 44202.8 	 43200 	 0 	 .\mup_settings_ff1010070910.txt_00.txt 
572 	 0 	 0 	 4.26 	 4240 	 0.00331126 	 302.00000000 	 1.00000000 	 0.00331126 	 302.00000000 	 59814 	 45571.4 	 43200 	 0 	 .\mup_settings_ff0101070920.txt_00.txt 
563 	 0 	 0 	 1.74 	 4140 	 0.00340136 	 294.00000000 	 1.00000000 	 0.00340136 	 294.00000000 	 59378 	 44100.1 	 43200 	 0 	 .\mup_settings_ff0202070920.txt_00.txt 
577 	 0 	 0 	 6.48 	 4179 	 0.00348432 	 287.00000000 	 1.00000000 	 0.00348432 	 287.00000000 	 63797 	 44743.5 	 43200 	 0 	 .\mup_settings_ff0303070920.txt_00.txt 
584 	 0 	 0 	 1.39 	 4354 	 0.00331126 	 302.00000000 	 1.00000000 	 0.00331126 	 302.00000000 	 56235 	 44775.5 	 43200 	 0 	 .\mup_settings_ff0404070920.txt_00.txt 
588 	 0 	 0 	 2.82 	 4340 	 0.00333333 	 300.00000000 	 1.00000000 	 0.00333333 	 300.00000000 	 55361 	 44404.9 	 43200 	 0 	 .\mup_settings_ff0505070920.txt_00.txt 
572 	 0 	 0 	 4.26 	 4240 	 0.00337838 	 296.00000000 	 1.00000000 	 0.00337838 	 296.00000000 	 54712 	 43260.6 	 43200 	 0 	 .\mup_settings_ff0606070920.txt_00.txt 
587 	 0 	 0 	 6.73 	 4325 	 0.00350877 	 285.00000000 	 1.00000000 	 0.00350877 	 285.00000000 	 58477 	 44504.2 	 43200 	 0 	 .\mup_settings_ff0707070920.txt_00.txt 
584 	 0 	 0 	 6.08 	 4240 	 0.00347222 	 288.00000000 	 1.00000000 	 0.00347222 	 288.00000000 	 62216 	 45927.7 	 43200 	 0 	 .\mup_settings_ff0808070920.txt_00.txt 
561 	 0 	 0 	 6.02 	 4059 	 0.00335570 	 298.00000000 	 1.00000000 	 0.00335570 	 298.00000000 	 61357 	 43865.6 	 43200 	 0 	 .\mup_settings_ff0909070920.txt_00.txt 
555 	 0 	 0 	 2.38 	 4085 	 0.00319489 	 313.00000000 	 1.00000000 	 0.00319489 	 313.00000000 	 59596 	 44105.8 	 43200 	 0 	 .\mup_settings_ff1010070920.txt_00.txt 
572 	 0 	 0 	 1.18 	 4417 	 0.00328947 	 304.00000000 	 1.00000000 	 0.00328947 	 304.00000000 	 38523 	 44613.8 	 43200 	 0 	 .\mup_settings_ff0101070930.txt_00.txt 
563 	 0 	 0 	 9.68 	 4312 	 0.00343643 	 291.00000000 	 1.00000000 	 0.00343643 	 291.00000000 	 38421 	 45142.4 	 43200 	 0 	 .\mup_settings_ff0202070930.txt_00.txt 
577 	 0 	 0 	 2.08 	 4354 	 0.00346021 	 289.00000000 	 1.00000000 	 0.00346021 	 289.00000000 	 41235 	 44285.9 	 43200 	 0 	 .\mup_settings_ff0303070930.txt_00.txt 
584 	 0 	 0 	 6.53 	 4534 	 0.00328947 	 304.00000000 	 1.00000000 	 0.00328947 	 304.00000000 	 35915 	 44053.0 	 43200 	 0 	 .\mup_settings_ff0404070930.txt_00.txt 
588 	 0 	 0 	 5.87 	 4520 	 0.00335570 	 298.00000000 	 1.00000000 	 0.00335570 	 298.00000000 	 37593 	 44913.1 	 43200 	 0 	 .\mup_settings_ff0505070930.txt_00.txt 
572 	 0 	 0 	 1.18 	 4417 	 0.00335570 	 298.00000000 	 1.00000000 	 0.00335570 	 298.00000000 	 35902 	 44049.0 	 43200 	 0 	 .\mup_settings_ff0606070930.txt_00.txt 
587 	 0 	 0 	 4.14 	 4505 	 0.00344828 	 290.00000000 	 1.00000000 	 0.00344828 	 290.00000000 	 37529 	 45078.0 	 43200 	 0 	 .\mup_settings_ff0707070930.txt_00.txt 
584 	 0 	 0 	 3.80 	 4417 	 0.00344828 	 290.00000000 	 1.00000000 	 0.00344828 	 290.00000000 	 38098 	 43671.1 	 43200 	 0 	 .\mup_settings_ff0808070930.txt_00.txt 
561 	 0 	 0 	 5.10 	 4229 	 0.00341297 	 293.00000000 	 1.00000000 	 0.00341297 	 293.00000000 	 41521 	 45019.6 	 43200 	 0 	 .\mup_settings_ff0909070930.txt_00.txt 
555 	 0 	 0 	 1.02 	 4256 	 0.00316456 	 316.00000000 	 1.00000000 	 0.00316456 	 316.00000000 	 40555 	 44782.4 	 43200 	 0 	 .\mup_settings_ff1010070930.txt_00.txt 
572 	 0 	 0 	 4.26 	 3238 	 0.00413223 	 242.00000000 	 1.00000000 	 0.00413223 	 242.00000000 	 657659 	 43276.5 	 43200 	 0 	 .\mup_settings_ff0101071202.txt_00.txt 
563 	 0 	 0 	 1.74 	 3159 	 0.00431034 	 232.00000000 	 1.00000000 	 0.00431034 	 232.00000000 	 657131 	 43725.6 	 43200 	 0 	 .\mup_settings_ff0202071202.txt_00.txt 
577 	 0 	 0 	 6.48 	 3188 	 0.00434783 	 230.00000000 	 1.00000000 	 0.00434783 	 230.00000000 	 690053 	 43345.2 	 43200 	 0 	 .\mup_settings_ff0303071202.txt_00.txt 
584 	 0 	 0 	 1.39 	 3328 	 0.00414938 	 241.00000000 	 1.00000000 	 0.00414938 	 241.00000000 	 628161 	 43361.6 	 43200 	 0 	 .\mup_settings_ff0404071202.txt_00.txt 
588 	 0 	 0 	 2.82 	 3316 	 0.00416667 	 240.00000000 	 1.00000000 	 0.00416667 	 240.00000000 	 640598 	 43211.4 	 43200 	 0 	 .\mup_settings_ff0505071202.txt_00.txt 
572 	 0 	 0 	 4.26 	 3238 	 0.00425532 	 235.00000000 	 1.00000000 	 0.00425532 	 235.00000000 	 635715 	 43582.9 	 43200 	 0 	 .\mup_settings_ff0606071202.txt_00.txt 
587 	 0 	 0 	 6.73 	 3304 	 0.00438596 	 228.00000000 	 1.00000000 	 0.00438596 	 228.00000000 	 646680 	 43658.8 	 43200 	 0 	 .\mup_settings_ff0707071202.txt_00.txt 
584 	 0 	 0 	 6.08 	 3236 	 0.00434783 	 230.00000000 	 1.00000000 	 0.00434783 	 230.00000000 	 661778 	 43298.1 	 43200 	 0 	 .\mup_settings_ff0808071202.txt_00.txt 
561 	 0 	 0 	 6.02 	 3094 	 0.00427350 	 234.00000000 	 1.00000000 	 0.00427350 	 234.00000000 	 690641 	 43320.0 	 43200 	 0 	 .\mup_settings_ff0909071202.txt_00.txt 
555 	 0 	 0 	 2.38 	 3116 	 0.00401606 	 249.00000000 	 1.00000000 	 0.00401606 	 249.00000000 	 670350 	 43235.4 	 43200 	 0 	 .\mup_settings_ff1010071202.txt_00.txt 
572 	 0 	 0 	 2.32 	 3637 	 0.00429185 	 233.00000000 	 1.00000000 	 0.00429185 	 233.00000000 	 294186 	 43734.5 	 43200 	 0 	 .\mup_settings_ff0101071205.txt_00.txt 
563 	 0 	 0 	 4.16 	 3549 	 0.00450450 	 222.00000000 	 1.00000000 	 0.00450450 	 222.00000000 	 289095 	 43464.8 	 43200 	 0 	 .\mup_settings_ff0202071205.txt_00.txt 
577 	 0 	 0 	 1.47 	 3583 	 0.00452489 	 221.00000000 	 1.00000000 	 0.00452489 	 221.00000000 	 308577 	 43219.1 	 43200 	 0 	 .\mup_settings_ff0303071205.txt_00.txt 
584 	 0 	 0 	 2.70 	 3736 	 0.00434783 	 230.00000000 	 1.00000000 	 0.00434783 	 230.00000000 	 277477 	 43982.3 	 43200 	 0 	 .\mup_settings_ff0404071205.txt_00.txt 
588 	 0 	 0 	 8.74 	 3723 	 0.00431034 	 232.00000000 	 1.00000000 	 0.00431034 	 232.00000000 	 284254 	 44013.2 	 43200 	 0 	 .\mup_settings_ff0505071205.txt_00.txt 
572 	 0 	 0 	 2.32 	 3637 	 0.00440529 	 227.00000000 	 1.00000000 	 0.00440529 	 227.00000000 	 275548 	 43378.2 	 43200 	 0 	 .\mup_settings_ff0606071205.txt_00.txt 
587 	 0 	 0 	 1.33 	 3711 	 0.00438596 	 228.00000000 	 1.00000000 	 0.00438596 	 228.00000000 	 290143 	 43250.4 	 43200 	 0 	 .\mup_settings_ff0707071205.txt_00.txt 
584 	 0 	 0 	 2.07 	 3636 	 0.00454545 	 220.00000000 	 1.00000000 	 0.00454545 	 220.00000000 	 298389 	 43787.6 	 43200 	 0 	 .\mup_settings_ff0808071205.txt_00.txt 
561 	 0 	 0 	 6.19 	 3478 	 0.00438596 	 228.00000000 	 1.00000000 	 0.00438596 	 228.00000000 	 310247 	 43720.3 	 43200 	 0 	 .\mup_settings_ff0909071205.txt_00.txt 
555 	 0 	 0 	 9.57 	 3501 	 0.00406504 	 246.00000000 	 1.00000000 	 0.00406504 	 246.00000000 	 304065 	 43589.4 	 43200 	 0 	 .\mup_settings_ff1010071205.txt_00.txt 
572 	 0 	 0 	 9.95 	 3938 	 0.00442478 	 226.00000000 	 1.00000000 	 0.00442478 	 226.00000000 	 146083 	 44014.2 	 43200 	 0 	 .\mup_settings_ff0101071210.txt_00.txt 
563 	 0 	 0 	 8.51 	 3844 	 0.00460829 	 217.00000000 	 1.00000000 	 0.00460829 	 217.00000000 	 142818 	 43762.9 	 43200 	 0 	 .\mup_settings_ff0202071210.txt_00.txt 
577 	 0 	 0 	 3.09 	 3881 	 0.00452489 	 221.00000000 	 1.00000000 	 0.00452489 	 221.00000000 	 151258 	 43449.9 	 43200 	 0 	 .\mup_settings_ff0303071210.txt_00.txt 
584 	 0 	 0 	 1.94 	 4045 	 0.00434783 	 230.00000000 	 1.00000000 	 0.00434783 	 230.00000000 	 141610 	 44281.3 	 43200 	 0 	 .\mup_settings_ff0404071210.txt_00.txt 
588 	 0 	 0 	 1.57 	 4032 	 0.00444444 	 225.00000000 	 1.00000000 	 0.00444444 	 225.00000000 	 144394 	 44649.8 	 43200 	 0 	 .\mup_settings_ff0505071210.txt_00.txt 
572 	 0 	 0 	 9.95 	 3938 	 0.00442478 	 226.00000000 	 1.00000000 	 0.00442478 	 226.00000000 	 135775 	 43421.2 	 43200 	 0 	 .\mup_settings_ff0606071210.txt_00.txt 
587 	 0 	 0 	 2.99 	 4018 	 0.00458716 	 218.00000000 	 1.00000000 	 0.00458716 	 218.00000000 	 144691 	 43796.5 	 43200 	 0 	 .\mup_settings_ff0707071210.txt_00.txt 
584 	 0 	 0 	 3.54 	 3938 	 0.00462963 	 216.00000000 	 1.00000000 	 0.00462963 	 216.00000000 	 147094 	 43241.1 	 43200 	 0 	 .\mup_settings_ff0808071210.txt_00.txt 
561 	 0 	 0 	 1.93 	 3769 	 0.00438596 	 228.00000000 	 1.00000000 	 0.00438596 	 228.00000000 	 152997 	 43262.7 	 43200 	 0 	 .\mup_settings_ff0909071210.txt_00.txt 
555 	 0 	 0 	 4.77 	 3793 	 0.00414938 	 241.00000000 	 1.00000000 	 0.00414938 	 241.00000000 	 148475 	 43377.8 	 43200 	 0 	 .\mup_settings_ff1010071210.txt_00.txt 
572 	 0 	 0 	 4.26 	 4240 	 0.00440529 	 227.00000000 	 1.00000000 	 0.00440529 	 227.00000000 	 69194 	 43345.6 	 43200 	 0 	 .\mup_settings_ff0101071220.txt_00.txt 
563 	 0 	 0 	 1.74 	 4140 	 0.00454545 	 220.00000000 	 1.00000000 	 0.00454545 	 220.00000000 	 73238 	 44309.6 	 43200 	 0 	 .\mup_settings_ff0202071220.txt_00.txt 
577 	 0 	 0 	 6.48 	 4179 	 0.00458716 	 218.00000000 	 1.00000000 	 0.00458716 	 218.00000000 	 76293 	 43750.7 	 43200 	 0 	 .\mup_settings_ff0303071220.txt_00.txt 
584 	 0 	 0 	 1.39 	 4354 	 0.00440529 	 227.00000000 	 1.00000000 	 0.00440529 	 227.00000000 	 67993 	 44246.7 	 43200 	 0 	 .\mup_settings_ff0404071220.txt_00.txt 
588 	 0 	 0 	 2.82 	 4340 	 0.00446429 	 224.00000000 	 1.00000000 	 0.00446429 	 224.00000000 	 68584 	 43760.7 	 43200 	 0 	 .\mup_settings_ff0505071220.txt_00.txt 
572 	 0 	 0 	 4.26 	 4240 	 0.00448430 	 223.00000000 	 1.00000000 	 0.00448430 	 223.00000000 	 69123 	 44172.4 	 43200 	 0 	 .\mup_settings_ff0606071220.txt_00.txt 
587 	 0 	 0 	 6.73 	 4325 	 0.00460829 	 217.00000000 	 1.00000000 	 0.00460829 	 217.00000000 	 70162 	 43771.1 	 43200 	 0 	 .\mup_settings_ff0707071220.txt_00.txt 
584 	 0 	 0 	 6.08 	 4240 	 0.00465116 	 215.00000000 	 1.00000000 	 0.00465116 	 215.00000000 	 73820 	 44007.4 	 43200 	 0 	 .\mup_settings_ff0808071220.txt_00.txt 
561 	 0 	 0 	 6.02 	 4059 	 0.00454545 	 220.00000000 	 1.00000000 	 0.00454545 	 220.00000000 	 76196 	 44506.4 	 43200 	 0 	 .\mup_settings_ff0909071220.txt_00.txt 
555 	 0 	 0 	 2.38 	 4085 	 0.00421941 	 237.00000000 	 1.00000000 	 0.00421941 	 237.00000000 	 73706 	 44403.9 	 43200 	 0 	 .\mup_settings_ff1010071220.txt_00.txt 
572 	 0 	 0 	 1.18 	 4417 	 0.00440529 	 227.00000000 	 1.00000000 	 0.00440529 	 227.00000000 	 47068 	 44199.4 	 43200 	 0 	 .\mup_settings_ff0101071230.txt_00.txt 
563 	 0 	 0 	 9.68 	 4312 	 0.00454545 	 220.00000000 	 1.00000000 	 0.00454545 	 220.00000000 	 47320 	 44208.9 	 43200 	 0 	 .\mup_settings_ff0202071230.txt_00.txt 
577 	 0 	 0 	 2.08 	 4354 	 0.00454545 	 220.00000000 	 1.00000000 	 0.00454545 	 220.00000000 	 50088 	 44238.1 	 43200 	 0 	 .\mup_settings_ff0303071230.txt_00.txt 
584 	 0 	 0 	 6.53 	 4534 	 0.00442478 	 226.00000000 	 1.00000000 	 0.00442478 	 226.00000000 	 44031 	 43837.5 	 43200 	 0 	 .\mup_settings_ff0404071230.txt_00.txt 
588 	 0 	 0 	 5.87 	 4520 	 0.00444444 	 225.00000000 	 1.00000000 	 0.00444444 	 225.00000000 	 45375 	 44321.3 	 43200 	 0 	 .\mup_settings_ff0505071230.txt_00.txt 
572 	 0 	 0 	 1.18 	 4417 	 0.00444444 	 225.00000000 	 1.00000000 	 0.00444444 	 225.00000000 	 46032 	 45236.1 	 43200 	 0 	 .\mup_settings_ff0606071230.txt_00.txt 
587 	 0 	 0 	 4.14 	 4505 	 0.00454545 	 220.00000000 	 1.00000000 	 0.00454545 	 220.00000000 	 47264 	 45344.3 	 43200 	 0 	 .\mup_settings_ff0707071230.txt_00.txt 
584 	 0 	 0 	 3.80 	 4417 	 0.00467290 	 214.00000000 	 1.00000000 	 0.00467290 	 214.00000000 	 47457 	 43998.2 	 43200 	 0 	 .\mup_settings_ff0808071230.txt_00.txt 
561 	 0 	 0 	 5.10 	 4229 	 0.00450450 	 222.00000000 	 1.00000000 	 0.00450450 	 222.00000000 	 49177 	 44056.9 	 43200 	 0 	 .\mup_settings_ff0909071230.txt_00.txt 
555 	 0 	 0 	 1.02 	 4256 	 0.00421941 	 237.00000000 	 1.00000000 	 0.00421941 	 237.00000000 	 48949 	 44511.5 	 43200 	 0 	 .\mup_settings_ff1010071230.txt_00.txt 
572 	 0 	 0 	 4.26 	 3238 	 0.00413223 	 242.00000000 	 1.00000000 	 0.00413223 	 242.00000000 	 657659 	 43388.2 	 43200 	 0 	 .\mup_settings_ff0101071202.txt_01.txt 
563 	 0 	 0 	 1.74 	 3159 	 0.00431034 	 232.00000000 	 1.00000000 	 0.00431034 	 232.00000000 	 657131 	 43709.1 	 43200 	 0 	 .\mup_settings_ff0202071202.txt_01.txt 
577 	 0 	 0 	 6.48 	 3188 	 0.00434783 	 230.00000000 	 1.00000000 	 0.00434783 	 230.00000000 	 690053 	 43391.8 	 43200 	 0 	 .\mup_settings_ff0303071202.txt_01.txt 
584 	 0 	 0 	 1.39 	 3328 	 0.00414938 	 241.00000000 	 1.00000000 	 0.00414938 	 241.00000000 	 628161 	 43342.7 	 43200 	 0 	 .\mup_settings_ff0404071202.txt_01.txt 
588 	 0 	 0 	 2.82 	 3316 	 0.00416667 	 240.00000000 	 1.00000000 	 0.00416667 	 240.00000000 	 640598 	 43372.3 	 43200 	 0 	 .\mup_settings_ff0505071202.txt_01.txt 
572 	 0 	 0 	 4.26 	 3238 	 0.00425532 	 235.00000000 	 1.00000000 	 0.00425532 	 235.00000000 	 635715 	 43584.2 	 43200 	 0 	 .\mup_settings_ff0606071202.txt_01.txt 
587 	 0 	 0 	 6.73 	 3304 	 0.00438596 	 228.00000000 	 1.00000000 	 0.00438596 	 228.00000000 	 646680 	 43719.5 	 43200 	 0 	 .\mup_settings_ff0707071202.txt_01.txt 
584 	 0 	 0 	 6.08 	 3236 	 0.00434783 	 230.00000000 	 1.00000000 	 0.00434783 	 230.00000000 	 661778 	 43244.5 	 43200 	 0 	 .\mup_settings_ff0808071202.txt_01.txt 
561 	 0 	 0 	 6.02 	 3094 	 0.00427350 	 234.00000000 	 1.00000000 	 0.00427350 	 234.00000000 	 690641 	 43341.8 	 43200 	 0 	 .\mup_settings_ff0909071202.txt_01.txt 
555 	 0 	 0 	 2.38 	 3116 	 0.00401606 	 249.00000000 	 1.00000000 	 0.00401606 	 249.00000000 	 670350 	 43217.2 	 43200 	 0 	 .\mup_settings_ff1010071202.txt_01.txt 
