572 	 0 	 0 	 4.26 	 3238 	 0.00100200 	 998.00000000 	 1.00000000 	 0.00100200 	 998.00000000 	 282029 	 43389.5 	 43200 	 0 	 .\mup_settings_ff0101070302.txt_00.txt 
563 	 0 	 0 	 1.74 	 3159 	 0.00103093 	 970.00000000 	 1.00000000 	 0.00103093 	 970.00000000 	 280094 	 43441.8 	 43200 	 0 	 .\mup_settings_ff0202070302.txt_00.txt 
577 	 0 	 0 	 6.48 	 3188 	 0.00105152 	 951.00000000 	 1.00000000 	 0.00105152 	 951.00000000 	 299350 	 43220.1 	 43200 	 0 	 .\mup_settings_ff0303070302.txt_00.txt 
584 	 0 	 0 	 1.39 	 3328 	 0.00100705 	 993.00000000 	 1.00000000 	 0.00100705 	 993.00000000 	 274774 	 43357.7 	 43200 	 0 	 .\mup_settings_ff0404070302.txt_00.txt 
588 	 0 	 0 	 2.82 	 3316 	 0.00099602 	 1004.00000000 	 1.00000000 	 0.00099602 	 1004.00000000 	 266391 	 43232.4 	 43200 	 0 	 .\mup_settings_ff0505070302.txt_00.txt 
572 	 0 	 0 	 4.26 	 3238 	 0.00103627 	 965.00000000 	 1.00000000 	 0.00103627 	 965.00000000 	 267999 	 43490.9 	 43200 	 0 	 .\mup_settings_ff0606070302.txt_00.txt 
587 	 0 	 0 	 6.73 	 3304 	 0.00104603 	 956.00000000 	 1.00000000 	 0.00104603 	 956.00000000 	 271727 	 43208.5 	 43200 	 0 	 .\mup_settings_ff0707070302.txt_00.txt 
584 	 0 	 0 	 6.08 	 3236 	 0.00104603 	 956.00000000 	 1.00000000 	 0.00104603 	 956.00000000 	 291532 	 43427.0 	 43200 	 0 	 .\mup_settings_ff0808070302.txt_00.txt 
561 	 0 	 0 	 6.02 	 3094 	 0.00101937 	 981.00000000 	 1.00000000 	 0.00101937 	 981.00000000 	 292451 	 43301.5 	 43200 	 0 	 .\mup_settings_ff0909070302.txt_00.txt 
555 	 0 	 0 	 2.38 	 3116 	 0.00097276 	 1028.00000000 	 1.00000000 	 0.00097276 	 1028.00000000 	 297307 	 43328.5 	 43200 	 0 	 .\mup_settings_ff1010070302.txt_00.txt 
572 	 0 	 0 	 2.32 	 3637 	 0.00102669 	 974.00000000 	 1.00000000 	 0.00102669 	 974.00000000 	 109474 	 43542.1 	 43200 	 0 	 .\mup_settings_ff0101070305.txt_00.txt 
563 	 0 	 0 	 4.16 	 3549 	 0.00105932 	 944.00000000 	 1.00000000 	 0.00105932 	 944.00000000 	 106028 	 43422.3 	 43200 	 0 	 .\mup_settings_ff0202070305.txt_00.txt 
577 	 0 	 0 	 1.47 	 3583 	 0.00107759 	 928.00000000 	 1.00000000 	 0.00107759 	 928.00000000 	 116556 	 43621.0 	 43200 	 0 	 .\mup_settings_ff0303070305.txt_00.txt 
584 	 0 	 0 	 2.70 	 3736 	 0.00102775 	 973.00000000 	 1.00000000 	 0.00102775 	 973.00000000 	 105116 	 44277.0 	 43200 	 0 	 .\mup_settings_ff0404070305.txt_00.txt 
588 	 0 	 0 	 8.74 	 3723 	 0.00103520 	 966.00000000 	 1.00000000 	 0.00103520 	 966.00000000 	 99600 	 44045.6 	 43200 	 0 	 .\mup_settings_ff0505070305.txt_00.txt 
572 	 0 	 0 	 2.32 	 3637 	 0.00104167 	 960.00000000 	 1.00000000 	 0.00104167 	 960.00000000 	 101046 	 43316.9 	 43200 	 0 	 .\mup_settings_ff0606070305.txt_00.txt 
587 	 0 	 0 	 1.33 	 3711 	 0.00107296 	 932.00000000 	 1.00000000 	 0.00107296 	 932.00000000 	 104098 	 43657.8 	 43200 	 0 	 .\mup_settings_ff0707070305.txt_00.txt 
584 	 0 	 0 	 2.07 	 3636 	 0.00107759 	 928.00000000 	 1.00000000 	 0.00107759 	 928.00000000 	 112087 	 43524.5 	 43200 	 0 	 .\mup_settings_ff0808070305.txt_00.txt 
561 	 0 	 0 	 6.19 	 3478 	 0.00104712 	 955.00000000 	 1.00000000 	 0.00104712 	 955.00000000 	 109154 	 43285.7 	 43200 	 0 	 .\mup_settings_ff0909070305.txt_00.txt 
555 	 0 	 0 	 9.57 	 3501 	 0.00098912 	 1011.00000000 	 1.00000000 	 0.00098912 	 1011.00000000 	 111591 	 44008.5 	 43200 	 0 	 .\mup_settings_ff1010070305.txt_00.txt 
572 	 0 	 0 	 9.95 	 3938 	 0.00102354 	 977.00000000 	 1.00000000 	 0.00102354 	 977.00000000 	 50756 	 44389.9 	 43200 	 0 	 .\mup_settings_ff0101070310.txt_00.txt 
563 	 0 	 0 	 8.51 	 3844 	 0.00105374 	 949.00000000 	 1.00000000 	 0.00105374 	 949.00000000 	 53277 	 46005.5 	 43200 	 0 	 .\mup_settings_ff0202070310.txt_00.txt 
577 	 0 	 0 	 3.09 	 3881 	 0.00107991 	 926.00000000 	 1.00000000 	 0.00107991 	 926.00000000 	 55020 	 44187.5 	 43200 	 0 	 .\mup_settings_ff0303070310.txt_00.txt 
584 	 0 	 0 	 1.94 	 4045 	 0.00103093 	 970.00000000 	 1.00000000 	 0.00103093 	 970.00000000 	 48964 	 43665.1 	 43200 	 0 	 .\mup_settings_ff0404070310.txt_00.txt 
588 	 0 	 0 	 1.57 	 4032 	 0.00103950 	 962.00000000 	 1.00000000 	 0.00103950 	 962.00000000 	 48033 	 43868.6 	 43200 	 0 	 .\mup_settings_ff0505070310.txt_00.txt 
572 	 0 	 0 	 9.95 	 3938 	 0.00102564 	 975.00000000 	 1.00000000 	 0.00102564 	 975.00000000 	 48750 	 45012.9 	 43200 	 0 	 .\mup_settings_ff0606070310.txt_00.txt 
587 	 0 	 0 	 2.99 	 4018 	 0.00106724 	 937.00000000 	 1.00000000 	 0.00106724 	 937.00000000 	 49471 	 44054.4 	 43200 	 0 	 .\mup_settings_ff0707070310.txt_00.txt 
584 	 0 	 0 	 3.54 	 3938 	 0.00107066 	 934.00000000 	 1.00000000 	 0.00107066 	 934.00000000 	 51217 	 43347.2 	 43200 	 0 	 .\mup_settings_ff0808070310.txt_00.txt 
561 	 0 	 0 	 1.93 	 3769 	 0.00105485 	 948.00000000 	 1.00000000 	 0.00105485 	 948.00000000 	 53129 	 43949.7 	 43200 	 0 	 .\mup_settings_ff0909070310.txt_00.txt 
555 	 0 	 0 	 4.77 	 3793 	 0.00097466 	 1026.00000000 	 1.00000000 	 0.00097466 	 1026.00000000 	 52489 	 43763.6 	 43200 	 0 	 .\mup_settings_ff1010070310.txt_00.txt 
572 	 0 	 0 	 4.26 	 4240 	 0.00102459 	 976.00000000 	 1.00000000 	 0.00102459 	 976.00000000 	 24626 	 47042.4 	 43200 	 0 	 .\mup_settings_ff0101070320.txt_00.txt 
563 	 0 	 0 	 1.74 	 4140 	 0.00106952 	 935.00000000 	 1.00000000 	 0.00106952 	 935.00000000 	 24224 	 45233.8 	 43200 	 0 	 .\mup_settings_ff0202070320.txt_00.txt 
577 	 0 	 0 	 6.48 	 4179 	 0.00107643 	 929.00000000 	 1.00000000 	 0.00107643 	 929.00000000 	 25951 	 45084.2 	 43200 	 0 	 .\mup_settings_ff0303070320.txt_00.txt 
584 	 0 	 0 	 1.39 	 4354 	 0.00102775 	 973.00000000 	 1.00000000 	 0.00102775 	 973.00000000 	 22226 	 43238.5 	 43200 	 0 	 .\mup_settings_ff0404070320.txt_00.txt 
588 	 0 	 0 	 2.82 	 4340 	 0.00104275 	 959.00000000 	 1.00000000 	 0.00104275 	 959.00000000 	 22469 	 45358.9 	 43200 	 0 	 .\mup_settings_ff0505070320.txt_00.txt 
572 	 0 	 0 	 4.26 	 4240 	 0.00102459 	 976.00000000 	 1.00000000 	 0.00102459 	 976.00000000 	 22243 	 44728.0 	 43200 	 0 	 .\mup_settings_ff0606070320.txt_00.txt 
587 	 0 	 0 	 6.73 	 4325 	 0.00106157 	 942.00000000 	 1.00000000 	 0.00106157 	 942.00000000 	 23381 	 44271.6 	 43200 	 0 	 .\mup_settings_ff0707070320.txt_00.txt 
584 	 0 	 0 	 6.08 	 4240 	 0.00106157 	 942.00000000 	 1.00000000 	 0.00106157 	 942.00000000 	 24066 	 43384.1 	 43200 	 0 	 .\mup_settings_ff0808070320.txt_00.txt 
561 	 0 	 0 	 6.02 	 4059 	 0.00104167 	 960.00000000 	 1.00000000 	 0.00104167 	 960.00000000 	 25516 	 44910.3 	 43200 	 0 	 .\mup_settings_ff0909070320.txt_00.txt 
555 	 0 	 0 	 2.38 	 4085 	 0.00098232 	 1018.00000000 	 1.00000000 	 0.00098232 	 1018.00000000 	 24600 	 45871.5 	 43200 	 0 	 .\mup_settings_ff1010070320.txt_00.txt 
572 	 0 	 0 	 1.18 	 4417 	 0.00102354 	 977.00000000 	 1.00000000 	 0.00102354 	 977.00000000 	 16105 	 48551.9 	 43200 	 0 	 .\mup_settings_ff0101070330.txt_00.txt 
563 	 0 	 0 	 9.68 	 4312 	 0.00103950 	 962.00000000 	 1.00000000 	 0.00103950 	 962.00000000 	 15738 	 46006.8 	 43200 	 0 	 .\mup_settings_ff0202070330.txt_00.txt 
577 	 0 	 0 	 2.08 	 4354 	 0.00107759 	 928.00000000 	 1.00000000 	 0.00107759 	 928.00000000 	 16708 	 45700.4 	 43200 	 0 	 .\mup_settings_ff0303070330.txt_00.txt 
584 	 0 	 0 	 6.53 	 4534 	 0.00102249 	 978.00000000 	 1.00000000 	 0.00102249 	 978.00000000 	 15684 	 47987.7 	 43200 	 0 	 .\mup_settings_ff0404070330.txt_00.txt 
588 	 0 	 0 	 5.87 	 4520 	 0.00103842 	 963.00000000 	 1.00000000 	 0.00103842 	 963.00000000 	 14660 	 46169.3 	 43200 	 0 	 .\mup_settings_ff0505070330.txt_00.txt 
572 	 0 	 0 	 1.18 	 4417 	 0.00101420 	 986.00000000 	 1.00000000 	 0.00101420 	 986.00000000 	 15248 	 48363.4 	 43200 	 0 	 .\mup_settings_ff0606070330.txt_00.txt 
587 	 0 	 0 	 4.14 	 4505 	 0.00106157 	 942.00000000 	 1.00000000 	 0.00106157 	 942.00000000 	 14725 	 43484.5 	 43200 	 0 	 .\mup_settings_ff0707070330.txt_00.txt 
584 	 0 	 0 	 3.80 	 4417 	 0.00105263 	 950.00000000 	 1.00000000 	 0.00105263 	 950.00000000 	 16457 	 46767.4 	 43200 	 0 	 .\mup_settings_ff0808070330.txt_00.txt 
561 	 0 	 0 	 5.10 	 4229 	 0.00104493 	 957.00000000 	 1.00000000 	 0.00104493 	 957.00000000 	 15804 	 43898.3 	 43200 	 0 	 .\mup_settings_ff0909070330.txt_00.txt 
555 	 0 	 0 	 1.02 	 4256 	 0.00097561 	 1025.00000000 	 1.00000000 	 0.00097561 	 1025.00000000 	 17195 	 49489.6 	 43200 	 0 	 .\mup_settings_ff1010070330.txt_00.txt 
572 	 0 	 0 	 4.26 	 3238 	 0.00204499 	 489.00000000 	 1.00000000 	 0.00204499 	 489.00000000 	 439557 	 43278.4 	 43200 	 0 	 .\mup_settings_ff0101070602.txt_00.txt 
563 	 0 	 0 	 1.74 	 3159 	 0.00212314 	 471.00000000 	 1.00000000 	 0.00212314 	 471.00000000 	 437080 	 43341.9 	 43200 	 0 	 .\mup_settings_ff0202070602.txt_00.txt 
577 	 0 	 0 	 6.48 	 3188 	 0.00213220 	 469.00000000 	 1.00000000 	 0.00213220 	 469.00000000 	 459548 	 43299.1 	 43200 	 0 	 .\mup_settings_ff0303070602.txt_00.txt 
584 	 0 	 0 	 1.39 	 3328 	 0.00209205 	 478.00000000 	 1.00000000 	 0.00209205 	 478.00000000 	 383314 	 43657.9 	 43200 	 0 	 .\mup_settings_ff0404070602.txt_01.txt 
588 	 0 	 0 	 2.82 	 3316 	 0.00203252 	 492.00000000 	 1.00000000 	 0.00203252 	 492.00000000 	 410435 	 43397.4 	 43200 	 0 	 .\mup_settings_ff0505070602.txt_01.txt 
572 	 0 	 0 	 4.26 	 3238 	 0.00207900 	 481.00000000 	 1.00000000 	 0.00207900 	 481.00000000 	 382513 	 43513.3 	 43200 	 0 	 .\mup_settings_ff0606070602.txt_01.txt 
587 	 0 	 0 	 6.73 	 3304 	 0.00212314 	 471.00000000 	 1.00000000 	 0.00212314 	 471.00000000 	 411844 	 43271.4 	 43200 	 0 	 .\mup_settings_ff0707070602.txt_01.txt 
584 	 0 	 0 	 6.08 	 3236 	 0.00210970 	 474.00000000 	 1.00000000 	 0.00210970 	 474.00000000 	 407132 	 43233.8 	 43200 	 0 	 .\mup_settings_ff0808070602.txt_01.txt 
561 	 0 	 0 	 6.02 	 3094 	 0.00207900 	 481.00000000 	 1.00000000 	 0.00207900 	 481.00000000 	 439071 	 43223.0 	 43200 	 0 	 .\mup_settings_ff0909070602.txt_01.txt 
555 	 0 	 0 	 2.38 	 3116 	 0.00198413 	 504.00000000 	 1.00000000 	 0.00198413 	 504.00000000 	 411143 	 43450.3 	 43200 	 0 	 .\mup_settings_ff1010070602.txt_01.txt 
572 	 0 	 0 	 2.32 	 3637 	 0.00211416 	 473.00000000 	 1.00000000 	 0.00211416 	 473.00000000 	 172498 	 43952.1 	 43200 	 0 	 .\mup_settings_ff0101070605.txt_01.txt 
563 	 0 	 0 	 4.16 	 3549 	 0.00219298 	 456.00000000 	 1.00000000 	 0.00219298 	 456.00000000 	 159636 	 43957.2 	 43200 	 0 	 .\mup_settings_ff0202070605.txt_01.txt 
577 	 0 	 0 	 1.47 	 3583 	 0.00224215 	 446.00000000 	 1.00000000 	 0.00224215 	 446.00000000 	 183094 	 44227.1 	 43200 	 0 	 .\mup_settings_ff0303070605.txt_01.txt 
584 	 0 	 0 	 2.70 	 3736 	 0.00210084 	 476.00000000 	 1.00000000 	 0.00210084 	 476.00000000 	 160260 	 43399.7 	 43200 	 0 	 .\mup_settings_ff0404070605.txt_01.txt 
588 	 0 	 0 	 8.74 	 3723 	 0.00210970 	 474.00000000 	 1.00000000 	 0.00210970 	 474.00000000 	 159745 	 43627.3 	 43200 	 0 	 .\mup_settings_ff0505070605.txt_01.txt 
572 	 0 	 0 	 2.32 	 3637 	 0.00214592 	 466.00000000 	 1.00000000 	 0.00214592 	 466.00000000 	 150419 	 44058.9 	 43200 	 0 	 .\mup_settings_ff0606070605.txt_01.txt 
587 	 0 	 0 	 1.33 	 3711 	 0.00218341 	 458.00000000 	 1.00000000 	 0.00218341 	 458.00000000 	 164314 	 43622.4 	 43200 	 0 	 .\mup_settings_ff0707070605.txt_01.txt 
584 	 0 	 0 	 2.07 	 3636 	 0.00219298 	 456.00000000 	 1.00000000 	 0.00219298 	 456.00000000 	 163397 	 43846.2 	 43200 	 0 	 .\mup_settings_ff0808070605.txt_01.txt 
561 	 0 	 0 	 6.19 	 3478 	 0.00215983 	 463.00000000 	 1.00000000 	 0.00215983 	 463.00000000 	 176742 	 44030.8 	 43200 	 0 	 .\mup_settings_ff0909070605.txt_01.txt 
555 	 0 	 0 	 9.57 	 3501 	 0.00202020 	 495.00000000 	 1.00000000 	 0.00202020 	 495.00000000 	 164937 	 43362.0 	 43200 	 0 	 .\mup_settings_ff1010070605.txt_01.txt 
572 	 0 	 0 	 9.95 	 3938 	 0.00211416 	 473.00000000 	 1.00000000 	 0.00211416 	 473.00000000 	 81614 	 43659.1 	 43200 	 0 	 .\mup_settings_ff0101070610.txt_01.txt 
563 	 0 	 0 	 8.51 	 3844 	 0.00215517 	 464.00000000 	 1.00000000 	 0.00215517 	 464.00000000 	 75227 	 43455.5 	 43200 	 0 	 .\mup_settings_ff0202070610.txt_01.txt 
577 	 0 	 0 	 3.09 	 3881 	 0.00222717 	 449.00000000 	 1.00000000 	 0.00222717 	 449.00000000 	 85973 	 43978.1 	 43200 	 0 	 .\mup_settings_ff0303070610.txt_01.txt 
584 	 0 	 0 	 1.94 	 4045 	 0.00211864 	 472.00000000 	 1.00000000 	 0.00211864 	 472.00000000 	 74628 	 45178.8 	 43200 	 0 	 .\mup_settings_ff0404070610.txt_01.txt 
588 	 0 	 0 	 1.57 	 4032 	 0.00213675 	 468.00000000 	 1.00000000 	 0.00213675 	 468.00000000 	 77130 	 44090.3 	 43200 	 0 	 .\mup_settings_ff0505070610.txt_01.txt 
572 	 0 	 0 	 9.95 	 3938 	 0.00212314 	 471.00000000 	 1.00000000 	 0.00212314 	 471.00000000 	 71250 	 44269.8 	 43200 	 0 	 .\mup_settings_ff0606070610.txt_01.txt 
587 	 0 	 0 	 2.99 	 4018 	 0.00220751 	 453.00000000 	 1.00000000 	 0.00220751 	 453.00000000 	 77665 	 43717.2 	 43200 	 0 	 .\mup_settings_ff0707070610.txt_00.txt 
584 	 0 	 0 	 3.54 	 3938 	 0.00222222 	 450.00000000 	 1.00000000 	 0.00222222 	 450.00000000 	 77951 	 44390.3 	 43200 	 0 	 .\mup_settings_ff0808070610.txt_00.txt 
561 	 0 	 0 	 1.93 	 3769 	 0.00217865 	 459.00000000 	 1.00000000 	 0.00217865 	 459.00000000 	 81975 	 43341.4 	 43200 	 0 	 .\mup_settings_ff0909070610.txt_00.txt 
555 	 0 	 0 	 4.77 	 3793 	 0.00202840 	 493.00000000 	 1.00000000 	 0.00202840 	 493.00000000 	 79211 	 44844.8 	 43200 	 0 	 .\mup_settings_ff1010070610.txt_00.txt 
572 	 0 	 0 	 4.26 	 4240 	 0.00211864 	 472.00000000 	 1.00000000 	 0.00211864 	 472.00000000 	 38841 	 45574.5 	 43200 	 0 	 .\mup_settings_ff0101070620.txt_00.txt 
563 	 0 	 0 	 1.74 	 4140 	 0.00219298 	 456.00000000 	 1.00000000 	 0.00219298 	 456.00000000 	 34679 	 43708.1 	 43200 	 0 	 .\mup_settings_ff0202070620.txt_00.txt 
577 	 0 	 0 	 6.48 	 4179 	 0.00219780 	 455.00000000 	 1.00000000 	 0.00219780 	 455.00000000 	 41791 	 46537.3 	 43200 	 0 	 .\mup_settings_ff0303070620.txt_00.txt 
584 	 0 	 0 	 1.39 	 4354 	 0.00212766 	 470.00000000 	 1.00000000 	 0.00212766 	 470.00000000 	 34697 	 45859.3 	 43200 	 0 	 .\mup_settings_ff0404070620.txt_00.txt 
588 	 0 	 0 	 2.82 	 4340 	 0.00212766 	 470.00000000 	 1.00000000 	 0.00212766 	 470.00000000 	 35641 	 45189.7 	 43200 	 0 	 .\mup_settings_ff0505070620.txt_00.txt 
572 	 0 	 0 	 4.26 	 4240 	 0.00211416 	 473.00000000 	 1.00000000 	 0.00211416 	 473.00000000 	 34325 	 45752.2 	 43200 	 0 	 .\mup_settings_ff0606070620.txt_00.txt 
587 	 0 	 0 	 6.73 	 4325 	 0.00220751 	 453.00000000 	 1.00000000 	 0.00220751 	 453.00000000 	 38600 	 46037.8 	 43200 	 0 	 .\mup_settings_ff0707070620.txt_00.txt 
584 	 0 	 0 	 6.08 	 4240 	 0.00219780 	 455.00000000 	 1.00000000 	 0.00219780 	 455.00000000 	 36714 	 45087.3 	 43200 	 0 	 .\mup_settings_ff0808070620.txt_00.txt 
561 	 0 	 0 	 6.02 	 4059 	 0.00215517 	 464.00000000 	 1.00000000 	 0.00215517 	 464.00000000 	 39556 	 43782.9 	 43200 	 0 	 .\mup_settings_ff0909070620.txt_00.txt 
555 	 0 	 0 	 2.38 	 4085 	 0.00202020 	 495.00000000 	 1.00000000 	 0.00202020 	 495.00000000 	 35726 	 43397.2 	 43200 	 0 	 .\mup_settings_ff1010070620.txt_00.txt 
572 	 0 	 0 	 1.18 	 4417 	 0.00211416 	 473.00000000 	 1.00000000 	 0.00211416 	 473.00000000 	 24530 	 45252.3 	 43200 	 0 	 .\mup_settings_ff0101070630.txt_00.txt 
563 	 0 	 0 	 9.68 	 4312 	 0.00219298 	 456.00000000 	 1.00000000 	 0.00219298 	 456.00000000 	 23211 	 45004.4 	 43200 	 0 	 .\mup_settings_ff0202070630.txt_00.txt 
577 	 0 	 0 	 2.08 	 4354 	 0.00218341 	 458.00000000 	 1.00000000 	 0.00218341 	 458.00000000 	 26868 	 46571.5 	 43200 	 0 	 .\mup_settings_ff0303070630.txt_00.txt 
584 	 0 	 0 	 6.53 	 4534 	 0.00211864 	 472.00000000 	 1.00000000 	 0.00211864 	 472.00000000 	 21437 	 44879.0 	 43200 	 0 	 .\mup_settings_ff0404070630.txt_00.txt 
588 	 0 	 0 	 5.87 	 4520 	 0.00212766 	 470.00000000 	 1.00000000 	 0.00212766 	 470.00000000 	 22104 	 43890.3 	 43200 	 0 	 .\mup_settings_ff0505070630.txt_00.txt 
572 	 0 	 0 	 1.18 	 4417 	 0.00212314 	 471.00000000 	 1.00000000 	 0.00212314 	 471.00000000 	 23261 	 48829.2 	 43200 	 0 	 .\mup_settings_ff0606070630.txt_00.txt 
587 	 0 	 0 	 4.14 	 4505 	 0.00221729 	 451.00000000 	 1.00000000 	 0.00221729 	 451.00000000 	 25121 	 46113.9 	 43200 	 0 	 .\mup_settings_ff0707070630.txt_00.txt 
584 	 0 	 0 	 3.80 	 4417 	 0.00219298 	 456.00000000 	 1.00000000 	 0.00219298 	 456.00000000 	 25191 	 48104.9 	 43200 	 0 	 .\mup_settings_ff0808070630.txt_00.txt 
561 	 0 	 0 	 5.10 	 4229 	 0.00215517 	 464.00000000 	 1.00000000 	 0.00215517 	 464.00000000 	 25100 	 43610.2 	 43200 	 0 	 .\mup_settings_ff0909070630.txt_00.txt 
555 	 0 	 0 	 1.02 	 4256 	 0.00200803 	 498.00000000 	 1.00000000 	 0.00200803 	 498.00000000 	 22322 	 45101.6 	 43200 	 0 	 .\mup_settings_ff1010070630.txt_00.txt 
572 	 0 	 0 	 4.26 	 3238 	 0.00309598 	 323.00000000 	 1.00000000 	 0.00309598 	 323.00000000 	 508168 	 43492.8 	 43200 	 0 	 .\mup_settings_ff0101070902.txt_00.txt 
563 	 0 	 0 	 1.74 	 3159 	 0.00319489 	 313.00000000 	 1.00000000 	 0.00319489 	 313.00000000 	 460786 	 43321.2 	 43200 	 0 	 .\mup_settings_ff0202070902.txt_00.txt 
577 	 0 	 0 	 6.48 	 3188 	 0.00325733 	 307.00000000 	 1.00000000 	 0.00325733 	 307.00000000 	 543705 	 43554.7 	 43200 	 0 	 .\mup_settings_ff0303070902.txt_00.txt 
584 	 0 	 0 	 1.39 	 3328 	 0.00311526 	 321.00000000 	 1.00000000 	 0.00311526 	 321.00000000 	 455502 	 43340.8 	 43200 	 0 	 .\mup_settings_ff0404070902.txt_00.txt 
588 	 0 	 0 	 2.82 	 3316 	 0.00310559 	 322.00000000 	 1.00000000 	 0.00310559 	 322.00000000 	 507561 	 43469.0 	 43200 	 0 	 .\mup_settings_ff0505070902.txt_00.txt 
572 	 0 	 0 	 4.26 	 3238 	 0.00317460 	 315.00000000 	 1.00000000 	 0.00317460 	 315.00000000 	 454296 	 43588.0 	 43200 	 0 	 .\mup_settings_ff0606070902.txt_00.txt 
587 	 0 	 0 	 6.73 	 3304 	 0.00318471 	 314.00000000 	 1.00000000 	 0.00318471 	 314.00000000 	 504468 	 43242.1 	 43200 	 0 	 .\mup_settings_ff0707070902.txt_00.txt 
584 	 0 	 0 	 6.08 	 3236 	 0.00323625 	 309.00000000 	 1.00000000 	 0.00323625 	 309.00000000 	 479904 	 43284.1 	 43200 	 0 	 .\mup_settings_ff0808070902.txt_00.txt 
561 	 0 	 0 	 6.02 	 3094 	 0.00315457 	 317.00000000 	 1.00000000 	 0.00315457 	 317.00000000 	 539523 	 43597.0 	 43200 	 0 	 .\mup_settings_ff0909070902.txt_00.txt 
555 	 0 	 0 	 2.38 	 3116 	 0.00295858 	 338.00000000 	 1.00000000 	 0.00295858 	 338.00000000 	 491422 	 43428.0 	 43200 	 0 	 .\mup_settings_ff1010070902.txt_00.txt 
572 	 0 	 0 	 2.32 	 3637 	 0.00319489 	 313.00000000 	 1.00000000 	 0.00319489 	 313.00000000 	 217110 	 44029.9 	 43200 	 0 	 .\mup_settings_ff0101070905.txt_00.txt 
563 	 0 	 0 	 4.16 	 3549 	 0.00324675 	 308.00000000 	 1.00000000 	 0.00324675 	 308.00000000 	 194560 	 43325.6 	 43200 	 0 	 .\mup_settings_ff0202070905.txt_00.txt 
577 	 0 	 0 	 1.47 	 3583 	 0.00337838 	 296.00000000 	 1.00000000 	 0.00337838 	 296.00000000 	 226768 	 43306.6 	 43200 	 0 	 .\mup_settings_ff0303070905.txt_00.txt 
584 	 0 	 0 	 2.70 	 3736 	 0.00322581 	 310.00000000 	 1.00000000 	 0.00322581 	 310.00000000 	 186632 	 43831.4 	 43200 	 0 	 .\mup_settings_ff0404070905.txt_00.txt 
588 	 0 	 0 	 8.74 	 3723 	 0.00325733 	 307.00000000 	 1.00000000 	 0.00325733 	 307.00000000 	 205446 	 43427.9 	 43200 	 0 	 .\mup_settings_ff0505070905.txt_00.txt 
572 	 0 	 0 	 2.32 	 3637 	 0.00320513 	 312.00000000 	 1.00000000 	 0.00320513 	 312.00000000 	 182739 	 43348.8 	 43200 	 0 	 .\mup_settings_ff0606070905.txt_00.txt 
587 	 0 	 0 	 1.33 	 3711 	 0.00331126 	 302.00000000 	 1.00000000 	 0.00331126 	 302.00000000 	 210120 	 43251.2 	 43200 	 0 	 .\mup_settings_ff0707070905.txt_00.txt 
584 	 0 	 0 	 2.07 	 3636 	 0.00335570 	 298.00000000 	 1.00000000 	 0.00335570 	 298.00000000 	 199895 	 43387.3 	 43200 	 0 	 .\mup_settings_ff0808070905.txt_00.txt 
561 	 0 	 0 	 6.19 	 3478 	 0.00322581 	 310.00000000 	 1.00000000 	 0.00322581 	 310.00000000 	 225941 	 43504.9 	 43200 	 0 	 .\mup_settings_ff0909070905.txt_00.txt 
555 	 0 	 0 	 9.57 	 3501 	 0.00311526 	 321.00000000 	 1.00000000 	 0.00311526 	 321.00000000 	 201692 	 43640.3 	 43200 	 0 	 .\mup_settings_ff1010070905.txt_00.txt 
572 	 0 	 0 	 9.95 	 3938 	 0.00320513 	 312.00000000 	 1.00000000 	 0.00320513 	 312.00000000 	 102748 	 44139.9 	 43200 	 0 	 .\mup_settings_ff0101070910.txt_00.txt 
563 	 0 	 0 	 8.51 	 3844 	 0.00331126 	 302.00000000 	 1.00000000 	 0.00331126 	 302.00000000 	 95061 	 44176.8 	 43200 	 0 	 .\mup_settings_ff0202070910.txt_00.txt 
577 	 0 	 0 	 3.09 	 3881 	 0.00335570 	 298.00000000 	 1.00000000 	 0.00335570 	 298.00000000 	 112673 	 43349.7 	 43200 	 0 	 .\mup_settings_ff0303070910.txt_00.txt 
584 	 0 	 0 	 1.94 	 4045 	 0.00320513 	 312.00000000 	 1.00000000 	 0.00320513 	 312.00000000 	 96671 	 43787.8 	 43200 	 0 	 .\mup_settings_ff0404070910.txt_00.txt 
588 	 0 	 0 	 1.57 	 4032 	 0.00328947 	 304.00000000 	 1.00000000 	 0.00328947 	 304.00000000 	 99328 	 43799.4 	 43200 	 0 	 .\mup_settings_ff0505070910.txt_00.txt 
572 	 0 	 0 	 9.95 	 3938 	 0.00320513 	 312.00000000 	 1.00000000 	 0.00320513 	 312.00000000 	 97618 	 44463.3 	 43200 	 0 	 .\mup_settings_ff0606070910.txt_00.txt 
587 	 0 	 0 	 2.99 	 4018 	 0.00334448 	 299.00000000 	 1.00000000 	 0.00334448 	 299.00000000 	 105426 	 44077.4 	 43200 	 0 	 .\mup_settings_ff0707070910.txt_00.txt 
584 	 0 	 0 	 3.54 	 3938 	 0.00335570 	 298.00000000 	 1.00000000 	 0.00335570 	 298.00000000 	 106294 	 44232.5 	 43200 	 0 	 .\mup_settings_ff0808070910.txt_00.txt 
561 	 0 	 0 	 1.93 	 3769 	 0.00333333 	 300.00000000 	 1.00000000 	 0.00333333 	 300.00000000 	 112098 	 43399.9 	 43200 	 0 	 .\mup_settings_ff0909070910.txt_00.txt 
555 	 0 	 0 	 4.77 	 3793 	 0.00308642 	 324.00000000 	 1.00000000 	 0.00308642 	 324.00000000 	 110309 	 44729.3 	 43200 	 0 	 .\mup_settings_ff1010070910.txt_00.txt 
572 	 0 	 0 	 4.26 	 4240 	 0.00323625 	 309.00000000 	 1.00000000 	 0.00323625 	 309.00000000 	 50356 	 44019.8 	 43200 	 0 	 .\mup_settings_ff0101070920.txt_00.txt 
563 	 0 	 0 	 1.74 	 4140 	 0.00334448 	 299.00000000 	 1.00000000 	 0.00334448 	 299.00000000 	 48733 	 43583.5 	 43200 	 0 	 .\mup_settings_ff0202070920.txt_00.txt 
577 	 0 	 0 	 6.48 	 4179 	 0.00342466 	 292.00000000 	 1.00000000 	 0.00342466 	 292.00000000 	 52676 	 43332.2 	 43200 	 0 	 .\mup_settings_ff0303070920.txt_00.txt 
584 	 0 	 0 	 1.39 	 4354 	 0.00323625 	 309.00000000 	 1.00000000 	 0.00323625 	 309.00000000 	 47168 	 43595.0 	 43200 	 0 	 .\mup_settings_ff0404070920.txt_00.txt 
588 	 0 	 0 	 2.82 	 4340 	 0.00323625 	 309.00000000 	 1.00000000 	 0.00323625 	 309.00000000 	 47896 	 44285.8 	 43200 	 0 	 .\mup_settings_ff0505070920.txt_00.txt 
572 	 0 	 0 	 4.26 	 4240 	 0.00325733 	 307.00000000 	 1.00000000 	 0.00325733 	 307.00000000 	 45950 	 43819.4 	 43200 	 0 	 .\mup_settings_ff0606070920.txt_00.txt 
587 	 0 	 0 	 6.73 	 4325 	 0.00335570 	 298.00000000 	 1.00000000 	 0.00335570 	 298.00000000 	 49129 	 43400.3 	 43200 	 0 	 .\mup_settings_ff0707070920.txt_00.txt 
584 	 0 	 0 	 6.08 	 4240 	 0.00331126 	 302.00000000 	 1.00000000 	 0.00331126 	 302.00000000 	 49778 	 43496.8 	 43200 	 0 	 .\mup_settings_ff0808070920.txt_00.txt 
561 	 0 	 0 	 6.02 	 4059 	 0.00325733 	 307.00000000 	 1.00000000 	 0.00325733 	 307.00000000 	 54106 	 44414.4 	 43200 	 0 	 .\mup_settings_ff0909070920.txt_00.txt 
555 	 0 	 0 	 2.38 	 4085 	 0.00308642 	 324.00000000 	 1.00000000 	 0.00308642 	 324.00000000 	 50903 	 44092.3 	 43200 	 0 	 .\mup_settings_ff1010070920.txt_00.txt 
572 	 0 	 0 	 1.18 	 4417 	 0.00313480 	 319.00000000 	 1.00000000 	 0.00313480 	 319.00000000 	 32217 	 43870.6 	 43200 	 0 	 .\mup_settings_ff0101070930.txt_00.txt 
563 	 0 	 0 	 9.68 	 4312 	 0.00326797 	 306.00000000 	 1.00000000 	 0.00326797 	 306.00000000 	 30239 	 43491.6 	 43200 	 0 	 .\mup_settings_ff0202070930.txt_00.txt 
577 	 0 	 0 	 2.08 	 4354 	 0.00331126 	 302.00000000 	 1.00000000 	 0.00331126 	 302.00000000 	 36017 	 45223.0 	 43200 	 0 	 .\mup_settings_ff0303070930.txt_00.txt 
584 	 0 	 0 	 6.53 	 4534 	 0.00318471 	 314.00000000 	 1.00000000 	 0.00318471 	 314.00000000 	 30789 	 44109.2 	 43200 	 0 	 .\mup_settings_ff0404070930.txt_00.txt 
588 	 0 	 0 	 5.87 	 4520 	 0.00324675 	 308.00000000 	 1.00000000 	 0.00324675 	 308.00000000 	 31174 	 44209.0 	 43200 	 0 	 .\mup_settings_ff0505070930.txt_00.txt 
572 	 0 	 0 	 1.18 	 4417 	 0.00317460 	 315.00000000 	 1.00000000 	 0.00317460 	 315.00000000 	 32574 	 45386.8 	 43200 	 0 	 .\mup_settings_ff0606070930.txt_00.txt 
587 	 0 	 0 	 4.14 	 4505 	 0.00331126 	 302.00000000 	 1.00000000 	 0.00331126 	 302.00000000 	 33784 	 45862.0 	 43200 	 0 	 .\mup_settings_ff0707070930.txt_00.txt 
584 	 0 	 0 	 3.80 	 4417 	 0.00331126 	 302.00000000 	 1.00000000 	 0.00331126 	 302.00000000 	 36660 	 47184.5 	 43200 	 0 	 .\mup_settings_ff0808070930.txt_00.txt 
561 	 0 	 0 	 5.10 	 4229 	 0.00324675 	 308.00000000 	 1.00000000 	 0.00324675 	 308.00000000 	 36577 	 46426.6 	 43200 	 0 	 .\mup_settings_ff0909070930.txt_00.txt 
555 	 0 	 0 	 1.02 	 4256 	 0.00304878 	 328.00000000 	 1.00000000 	 0.00304878 	 328.00000000 	 33990 	 44342.8 	 43200 	 0 	 .\mup_settings_ff1010070930.txt_00.txt 
572 	 0 	 0 	 4.26 	 3238 	 0.00411523 	 243.00000000 	 1.00000000 	 0.00411523 	 243.00000000 	 646674 	 43625.3 	 43200 	 0 	 .\mup_settings_ff0101071202.txt_00.txt 
563 	 0 	 0 	 1.74 	 3159 	 0.00427350 	 234.00000000 	 1.00000000 	 0.00427350 	 234.00000000 	 641550 	 43396.9 	 43200 	 0 	 .\mup_settings_ff0202071202.txt_00.txt 
577 	 0 	 0 	 6.48 	 3188 	 0.00431034 	 232.00000000 	 1.00000000 	 0.00431034 	 232.00000000 	 678972 	 43579.8 	 43200 	 0 	 .\mup_settings_ff0303071202.txt_00.txt 
584 	 0 	 0 	 1.39 	 3328 	 0.00411523 	 243.00000000 	 1.00000000 	 0.00411523 	 243.00000000 	 631244 	 43653.2 	 43200 	 0 	 .\mup_settings_ff0404071202.txt_00.txt 
588 	 0 	 0 	 2.82 	 3316 	 0.00406504 	 246.00000000 	 1.00000000 	 0.00406504 	 246.00000000 	 631960 	 43394.3 	 43200 	 0 	 .\mup_settings_ff0505071202.txt_00.txt 
572 	 0 	 0 	 4.26 	 3238 	 0.00408163 	 245.00000000 	 1.00000000 	 0.00408163 	 245.00000000 	 621018 	 43238.8 	 43200 	 0 	 .\mup_settings_ff0606071202.txt_00.txt 
587 	 0 	 0 	 6.73 	 3304 	 0.00425532 	 235.00000000 	 1.00000000 	 0.00425532 	 235.00000000 	 638235 	 43587.6 	 43200 	 0 	 .\mup_settings_ff0707071202.txt_00.txt 
584 	 0 	 0 	 6.08 	 3236 	 0.00418410 	 239.00000000 	 1.00000000 	 0.00418410 	 239.00000000 	 648182 	 43493.0 	 43200 	 0 	 .\mup_settings_ff0808071202.txt_00.txt 
561 	 0 	 0 	 6.02 	 3094 	 0.00421941 	 237.00000000 	 1.00000000 	 0.00421941 	 237.00000000 	 678278 	 43687.6 	 43200 	 0 	 .\mup_settings_ff0909071202.txt_00.txt 
555 	 0 	 0 	 2.38 	 3116 	 0.00396825 	 252.00000000 	 1.00000000 	 0.00396825 	 252.00000000 	 692133 	 44519.2 	 43200 	 0 	 .\mup_settings_ff1010071202.txt_00.txt 
572 	 0 	 0 	 2.32 	 3637 	 0.00423729 	 236.00000000 	 1.00000000 	 0.00423729 	 236.00000000 	 277359 	 43704.5 	 43200 	 0 	 .\mup_settings_ff0101071205.txt_00.txt 
563 	 0 	 0 	 4.16 	 3549 	 0.00444444 	 225.00000000 	 1.00000000 	 0.00444444 	 225.00000000 	 278543 	 43325.5 	 43200 	 0 	 .\mup_settings_ff0202071205.txt_00.txt 
577 	 0 	 0 	 1.47 	 3583 	 0.00444444 	 225.00000000 	 1.00000000 	 0.00444444 	 225.00000000 	 288446 	 43673.6 	 43200 	 0 	 .\mup_settings_ff0303071205.txt_00.txt 
584 	 0 	 0 	 2.70 	 3736 	 0.00425532 	 235.00000000 	 1.00000000 	 0.00425532 	 235.00000000 	 267271 	 43909.2 	 43200 	 0 	 .\mup_settings_ff0404071205.txt_00.txt 
588 	 0 	 0 	 8.74 	 3723 	 0.00429185 	 233.00000000 	 1.00000000 	 0.00429185 	 233.00000000 	 266394 	 44078.1 	 43200 	 0 	 .\mup_settings_ff0505071205.txt_00.txt 
572 	 0 	 0 	 2.32 	 3637 	 0.00432900 	 231.00000000 	 1.00000000 	 0.00432900 	 231.00000000 	 264783 	 43873.4 	 43200 	 0 	 .\mup_settings_ff0606071205.txt_00.txt 
587 	 0 	 0 	 1.33 	 3711 	 0.00444444 	 225.00000000 	 1.00000000 	 0.00444444 	 225.00000000 	 270672 	 43737.9 	 43200 	 0 	 .\mup_settings_ff0707071205.txt_00.txt 
584 	 0 	 0 	 2.07 	 3636 	 0.00448430 	 223.00000000 	 1.00000000 	 0.00448430 	 223.00000000 	 281385 	 43230.7 	 43200 	 0 	 .\mup_settings_ff0808071205.txt_00.txt 
561 	 0 	 0 	 6.19 	 3478 	 0.00431034 	 232.00000000 	 1.00000000 	 0.00431034 	 232.00000000 	 281966 	 43209.8 	 43200 	 0 	 .\mup_settings_ff0909071205.txt_00.txt 
555 	 0 	 0 	 9.57 	 3501 	 0.00409836 	 244.00000000 	 1.00000000 	 0.00409836 	 244.00000000 	 271502 	 43641.4 	 43200 	 0 	 .\mup_settings_ff1010071205.txt_00.txt 
572 	 0 	 0 	 9.95 	 3938 	 0.00429185 	 233.00000000 	 1.00000000 	 0.00429185 	 233.00000000 	 134042 	 43729.9 	 43200 	 0 	 .\mup_settings_ff0101071210.txt_00.txt 
563 	 0 	 0 	 8.51 	 3844 	 0.00442478 	 226.00000000 	 1.00000000 	 0.00442478 	 226.00000000 	 134096 	 44867.8 	 43200 	 0 	 .\mup_settings_ff0202071210.txt_00.txt 
577 	 0 	 0 	 3.09 	 3881 	 0.00446429 	 224.00000000 	 1.00000000 	 0.00446429 	 224.00000000 	 143780 	 43549.2 	 43200 	 0 	 .\mup_settings_ff0303071210.txt_00.txt 
584 	 0 	 0 	 1.94 	 4045 	 0.00423729 	 236.00000000 	 1.00000000 	 0.00423729 	 236.00000000 	 124430 	 43641.2 	 43200 	 0 	 .\mup_settings_ff0404071210.txt_00.txt 
588 	 0 	 0 	 1.57 	 4032 	 0.00432900 	 231.00000000 	 1.00000000 	 0.00432900 	 231.00000000 	 133448 	 44758.4 	 43200 	 0 	 .\mup_settings_ff0505071210.txt_00.txt 
572 	 0 	 0 	 9.95 	 3938 	 0.00429185 	 233.00000000 	 1.00000000 	 0.00429185 	 233.00000000 	 124356 	 44241.5 	 43200 	 0 	 .\mup_settings_ff0606071210.txt_00.txt 
587 	 0 	 0 	 2.99 	 4018 	 0.00434783 	 230.00000000 	 1.00000000 	 0.00434783 	 230.00000000 	 128601 	 43216.9 	 43200 	 0 	 .\mup_settings_ff0707071210.txt_00.txt 
584 	 0 	 0 	 3.54 	 3938 	 0.00438596 	 228.00000000 	 1.00000000 	 0.00438596 	 228.00000000 	 135414 	 43824.0 	 43200 	 0 	 .\mup_settings_ff0808071210.txt_00.txt 
561 	 0 	 0 	 1.93 	 3769 	 0.00434783 	 230.00000000 	 1.00000000 	 0.00434783 	 230.00000000 	 140916 	 43760.1 	 43200 	 0 	 .\mup_settings_ff0909071210.txt_00.txt 
555 	 0 	 0 	 4.77 	 3793 	 0.00406504 	 246.00000000 	 1.00000000 	 0.00406504 	 246.00000000 	 134372 	 43393.0 	 43200 	 0 	 .\mup_settings_ff1010071210.txt_00.txt 
572 	 0 	 0 	 4.26 	 4240 	 0.00427350 	 234.00000000 	 1.00000000 	 0.00427350 	 234.00000000 	 63119 	 43543.5 	 43200 	 0 	 .\mup_settings_ff0101071220.txt_00.txt 
563 	 0 	 0 	 1.74 	 4140 	 0.00442478 	 226.00000000 	 1.00000000 	 0.00442478 	 226.00000000 	 64199 	 43873.0 	 43200 	 0 	 .\mup_settings_ff0202071220.txt_00.txt 
577 	 0 	 0 	 6.48 	 4179 	 0.00450450 	 222.00000000 	 1.00000000 	 0.00450450 	 222.00000000 	 67365 	 43634.1 	 43200 	 0 	 .\mup_settings_ff0303071220.txt_00.txt 
584 	 0 	 0 	 1.39 	 4354 	 0.00431034 	 232.00000000 	 1.00000000 	 0.00431034 	 232.00000000 	 59444 	 43831.8 	 43200 	 0 	 .\mup_settings_ff0404071220.txt_00.txt 
588 	 0 	 0 	 2.82 	 4340 	 0.00434783 	 230.00000000 	 1.00000000 	 0.00434783 	 230.00000000 	 62488 	 44932.0 	 43200 	 0 	 .\mup_settings_ff0505071220.txt_00.txt 
572 	 0 	 0 	 4.26 	 4240 	 0.00427350 	 234.00000000 	 1.00000000 	 0.00427350 	 234.00000000 	 60815 	 44646.4 	 43200 	 0 	 .\mup_settings_ff0606071220.txt_00.txt 
587 	 0 	 0 	 6.73 	 4325 	 0.00444444 	 225.00000000 	 1.00000000 	 0.00444444 	 225.00000000 	 63955 	 44763.8 	 43200 	 0 	 .\mup_settings_ff0707071220.txt_00.txt 
584 	 0 	 0 	 6.08 	 4240 	 0.00444444 	 225.00000000 	 1.00000000 	 0.00444444 	 225.00000000 	 63914 	 43840.2 	 43200 	 0 	 .\mup_settings_ff0808071220.txt_00.txt 
561 	 0 	 0 	 6.02 	 4059 	 0.00434783 	 230.00000000 	 1.00000000 	 0.00434783 	 230.00000000 	 67473 	 44136.8 	 43200 	 0 	 .\mup_settings_ff0909071220.txt_00.txt 
555 	 0 	 0 	 2.38 	 4085 	 0.00404858 	 247.00000000 	 1.00000000 	 0.00404858 	 247.00000000 	 63536 	 43899.8 	 43200 	 0 	 .\mup_settings_ff1010071220.txt_00.txt 
572 	 0 	 0 	 1.18 	 4417 	 0.00420168 	 238.00000000 	 1.00000000 	 0.00420168 	 238.00000000 	 39502 	 44529.0 	 43200 	 0 	 .\mup_settings_ff0101071230.txt_00.txt 
563 	 0 	 0 	 9.68 	 4312 	 0.00436681 	 229.00000000 	 1.00000000 	 0.00436681 	 229.00000000 	 36349 	 43692.1 	 43200 	 0 	 .\mup_settings_ff0202071230.txt_00.txt 
577 	 0 	 0 	 2.08 	 4354 	 0.00434783 	 230.00000000 	 1.00000000 	 0.00434783 	 230.00000000 	 42488 	 43812.6 	 43200 	 0 	 .\mup_settings_ff0303071230.txt_00.txt 
584 	 0 	 0 	 6.53 	 4534 	 0.00427350 	 234.00000000 	 1.00000000 	 0.00427350 	 234.00000000 	 34257 	 43901.5 	 43200 	 0 	 .\mup_settings_ff0404071230.txt_00.txt 
588 	 0 	 0 	 5.87 	 4520 	 0.00432900 	 231.00000000 	 1.00000000 	 0.00432900 	 231.00000000 	 37260 	 43232.7 	 43200 	 0 	 .\mup_settings_ff0505071230.txt_00.txt 
572 	 0 	 0 	 1.18 	 4417 	 0.00423729 	 236.00000000 	 1.00000000 	 0.00423729 	 236.00000000 	 35746 	 45227.7 	 43200 	 0 	 .\mup_settings_ff0606071230.txt_00.txt 
587 	 0 	 0 	 4.14 	 4505 	 0.00438596 	 228.00000000 	 1.00000000 	 0.00438596 	 228.00000000 	 39453 	 45108.3 	 43200 	 0 	 .\mup_settings_ff0707071230.txt_00.txt 
584 	 0 	 0 	 3.80 	 4417 	 0.00436681 	 229.00000000 	 1.00000000 	 0.00436681 	 229.00000000 	 36816 	 43232.6 	 43200 	 0 	 .\mup_settings_ff0808071230.txt_00.txt 
561 	 0 	 0 	 5.10 	 4229 	 0.00431034 	 232.00000000 	 1.00000000 	 0.00431034 	 232.00000000 	 42859 	 44272.7 	 43200 	 0 	 .\mup_settings_ff0909071230.txt_00.txt 
555 	 0 	 0 	 1.02 	 4256 	 0.00413223 	 242.00000000 	 1.00000000 	 0.00413223 	 242.00000000 	 36786 	 43403.8 	 43200 	 0 	 .\mup_settings_ff1010071230.txt_00.txt 
