572 	 0 	 0 	 0.00101420 	 986.00000000 	 1.00000000 	 0.00101420 	 986.00000000 	 185933 	 43200.0 	 43200 	 0 	 .\tabu_settings_ff0101070302.txt_00.txt 
563 	 0 	 0 	 0.00102145 	 979.00000000 	 1.00000000 	 0.00102145 	 979.00000000 	 179405 	 43200.1 	 43200 	 0 	 .\tabu_settings_ff0202070302.txt_00.txt 
577 	 0 	 0 	 0.00105374 	 949.00000000 	 1.00000000 	 0.00105374 	 949.00000000 	 195491 	 43200.0 	 43200 	 0 	 .\tabu_settings_ff0303070302.txt_00.txt 
584 	 0 	 0 	 0.00100503 	 995.00000000 	 1.00000000 	 0.00100503 	 995.00000000 	 179741 	 43200.2 	 43200 	 0 	 .\tabu_settings_ff0404070302.txt_00.txt 
588 	 0 	 0 	 0.00099206 	 1008.00000000 	 1.00000000 	 0.00099206 	 1008.00000000 	 176709 	 43200.0 	 43200 	 0 	 .\tabu_settings_ff0505070302.txt_00.txt 
572 	 0 	 0 	 0.00102459 	 976.00000000 	 1.00000000 	 0.00102459 	 976.00000000 	 177490 	 43200.2 	 43200 	 0 	 .\tabu_settings_ff0606070302.txt_00.txt 
587 	 0 	 0 	 0.00102987 	 971.00000000 	 1.00000000 	 0.00102987 	 971.00000000 	 181474 	 43200.2 	 43200 	 0 	 .\tabu_settings_ff0707070302.txt_00.txt 
584 	 0 	 0 	 0.00104712 	 955.00000000 	 1.00000000 	 0.00104712 	 955.00000000 	 186935 	 43200.1 	 43200 	 0 	 .\tabu_settings_ff0808070302.txt_00.txt 
561 	 0 	 0 	 0.00102987 	 971.00000000 	 1.00000000 	 0.00102987 	 971.00000000 	 188472 	 43200.2 	 43200 	 0 	 .\tabu_settings_ff0909070302.txt_00.txt 
555 	 0 	 0 	 0.00097752 	 1023.00000000 	 1.00000000 	 0.00097752 	 1023.00000000 	 189114 	 43200.2 	 43200 	 0 	 .\tabu_settings_ff1010070302.txt_00.txt 
572 	 0 	 0 	 0.00105042 	 952.00000000 	 1.00000000 	 0.00105042 	 952.00000000 	 74445 	 43200.3 	 43200 	 0 	 .\tabu_settings_ff0101070305.txt_00.txt 
563 	 0 	 0 	 0.00107643 	 929.00000000 	 1.00000000 	 0.00107643 	 929.00000000 	 72054 	 43200.3 	 43200 	 0 	 .\tabu_settings_ff0202070305.txt_00.txt 
577 	 0 	 0 	 0.00109409 	 914.00000000 	 1.00000000 	 0.00109409 	 914.00000000 	 76715 	 43200.1 	 43200 	 0 	 .\tabu_settings_ff0303070305.txt_00.txt 
584 	 0 	 0 	 0.00102669 	 974.00000000 	 1.00000000 	 0.00102669 	 974.00000000 	 71325 	 43200.1 	 43200 	 0 	 .\tabu_settings_ff0404070305.txt_00.txt 
588 	 0 	 0 	 0.00103306 	 968.00000000 	 1.00000000 	 0.00103306 	 968.00000000 	 70353 	 43200.3 	 43200 	 0 	 .\tabu_settings_ff0505070305.txt_00.txt 
572 	 0 	 0 	 0.00104712 	 955.00000000 	 1.00000000 	 0.00104712 	 955.00000000 	 71252 	 43200.6 	 43200 	 0 	 .\tabu_settings_ff0606070305.txt_00.txt 
587 	 0 	 0 	 0.00106157 	 942.00000000 	 1.00000000 	 0.00106157 	 942.00000000 	 72819 	 43200.4 	 43200 	 0 	 .\tabu_settings_ff0707070305.txt_00.txt 
584 	 0 	 0 	 0.00107875 	 927.00000000 	 1.00000000 	 0.00107875 	 927.00000000 	 74720 	 43200.1 	 43200 	 0 	 .\tabu_settings_ff0808070305.txt_00.txt 
561 	 0 	 0 	 0.00103520 	 966.00000000 	 1.00000000 	 0.00103520 	 966.00000000 	 74143 	 43200.4 	 43200 	 0 	 .\tabu_settings_ff0909070305.txt_00.txt 
555 	 0 	 0 	 0.00100000 	 1000.00000000 	 1.00000000 	 0.00100000 	 1000.00000000 	 76364 	 43200.5 	 43200 	 0 	 .\tabu_settings_ff1010070305.txt_00.txt 
572 	 0 	 0 	 0.00104603 	 956.00000000 	 1.00000000 	 0.00104603 	 956.00000000 	 35222 	 43201.2 	 43200 	 0 	 .\tabu_settings_ff0101070310.txt_00.txt 
563 	 0 	 0 	 0.00105708 	 946.00000000 	 1.00000000 	 0.00105708 	 946.00000000 	 35523 	 43200.7 	 43200 	 0 	 .\tabu_settings_ff0202070310.txt_00.txt 
577 	 0 	 0 	 0.00108932 	 918.00000000 	 1.00000000 	 0.00108932 	 918.00000000 	 37690 	 43200.4 	 43200 	 0 	 .\tabu_settings_ff0303070310.txt_00.txt 
584 	 0 	 0 	 0.00103413 	 967.00000000 	 1.00000000 	 0.00103413 	 967.00000000 	 33771 	 43200.6 	 43200 	 0 	 .\tabu_settings_ff0404070310.txt_00.txt 
588 	 0 	 0 	 0.00104275 	 959.00000000 	 1.00000000 	 0.00104275 	 959.00000000 	 33289 	 43200.9 	 43200 	 0 	 .\tabu_settings_ff0505070310.txt_00.txt 
572 	 0 	 0 	 0.00104822 	 954.00000000 	 1.00000000 	 0.00104822 	 954.00000000 	 34264 	 43200.2 	 43200 	 0 	 .\tabu_settings_ff0606070310.txt_00.txt 
587 	 0 	 0 	 0.00105597 	 947.00000000 	 1.00000000 	 0.00105597 	 947.00000000 	 35724 	 43201.0 	 43200 	 0 	 .\tabu_settings_ff0707070310.txt_00.txt 
584 	 0 	 0 	 0.00108696 	 920.00000000 	 1.00000000 	 0.00108696 	 920.00000000 	 37205 	 43200.8 	 43200 	 0 	 .\tabu_settings_ff0808070310.txt_00.txt 
561 	 0 	 0 	 0.00105485 	 948.00000000 	 1.00000000 	 0.00105485 	 948.00000000 	 36350 	 43200.6 	 43200 	 0 	 .\tabu_settings_ff0909070310.txt_00.txt 
555 	 0 	 0 	 0.00099800 	 1002.00000000 	 1.00000000 	 0.00099800 	 1002.00000000 	 36688 	 43200.8 	 43200 	 0 	 .\tabu_settings_ff1010070310.txt_00.txt 
572 	 0 	 0 	 0.00104058 	 961.00000000 	 1.00000000 	 0.00104058 	 961.00000000 	 17379 	 43201.5 	 43200 	 0 	 .\tabu_settings_ff0101070320.txt_00.txt 
563 	 0 	 0 	 0.00106952 	 935.00000000 	 1.00000000 	 0.00106952 	 935.00000000 	 17079 	 43200.6 	 43200 	 0 	 .\tabu_settings_ff0202070320.txt_00.txt 
577 	 0 	 0 	 0.00111111 	 900.00000000 	 1.00000000 	 0.00111111 	 900.00000000 	 18348 	 43201.2 	 43200 	 0 	 .\tabu_settings_ff0303070320.txt_00.txt 
584 	 0 	 0 	 0.00103842 	 963.00000000 	 1.00000000 	 0.00103842 	 963.00000000 	 16842 	 43200.3 	 43200 	 0 	 .\tabu_settings_ff0404070320.txt_00.txt 
588 	 0 	 0 	 0.00105263 	 950.00000000 	 1.00000000 	 0.00105263 	 950.00000000 	 16350 	 43202.2 	 43200 	 0 	 .\tabu_settings_ff0505070320.txt_00.txt 
572 	 0 	 0 	 0.00104603 	 956.00000000 	 1.00000000 	 0.00104603 	 956.00000000 	 16258 	 43202.6 	 43200 	 0 	 .\tabu_settings_ff0606070320.txt_00.txt 
587 	 0 	 0 	 0.00107643 	 929.00000000 	 1.00000000 	 0.00107643 	 929.00000000 	 17003 	 43201.1 	 43200 	 0 	 .\tabu_settings_ff0707070320.txt_00.txt 
584 	 0 	 0 	 0.00108342 	 923.00000000 	 1.00000000 	 0.00108342 	 923.00000000 	 17466 	 43202.2 	 43200 	 0 	 .\tabu_settings_ff0808070320.txt_00.txt 
561 	 0 	 0 	 0.00105708 	 946.00000000 	 1.00000000 	 0.00105708 	 946.00000000 	 17432 	 43202.2 	 43200 	 0 	 .\tabu_settings_ff0909070320.txt_00.txt 
555 	 0 	 0 	 0.00100402 	 996.00000000 	 1.00000000 	 0.00100402 	 996.00000000 	 17463 	 43201.3 	 43200 	 0 	 .\tabu_settings_ff1010070320.txt_00.txt 
572 	 0 	 0 	 0.00106270 	 941.00000000 	 1.00000000 	 0.00106270 	 941.00000000 	 11211 	 43200.4 	 43200 	 0 	 .\tabu_settings_ff0101070330.txt_00.txt 
563 	 0 	 0 	 0.00107411 	 931.00000000 	 1.00000000 	 0.00107411 	 931.00000000 	 11081 	 43203.6 	 43200 	 0 	 .\tabu_settings_ff0202070330.txt_00.txt 
577 	 0 	 0 	 0.00110497 	 905.00000000 	 1.00000000 	 0.00110497 	 905.00000000 	 12043 	 43202.8 	 43200 	 0 	 .\tabu_settings_ff0303070330.txt_00.txt 
584 	 0 	 0 	 0.00104275 	 959.00000000 	 1.00000000 	 0.00104275 	 959.00000000 	 10663 	 43200.2 	 43200 	 0 	 .\tabu_settings_ff0404070330.txt_00.txt 
588 	 0 	 0 	 0.00105820 	 945.00000000 	 1.00000000 	 0.00105820 	 945.00000000 	 10326 	 43202.3 	 43200 	 0 	 .\tabu_settings_ff0505070330.txt_00.txt 
572 	 0 	 0 	 0.00105597 	 947.00000000 	 1.00000000 	 0.00105597 	 947.00000000 	 10788 	 43200.8 	 43200 	 0 	 .\tabu_settings_ff0606070330.txt_00.txt 
587 	 0 	 0 	 0.00107411 	 931.00000000 	 1.00000000 	 0.00107411 	 931.00000000 	 11167 	 43203.7 	 43200 	 0 	 .\tabu_settings_ff0707070330.txt_00.txt 
584 	 0 	 0 	 0.00108342 	 923.00000000 	 1.00000000 	 0.00108342 	 923.00000000 	 11359 	 43200.5 	 43200 	 0 	 .\tabu_settings_ff0808070330.txt_00.txt 
561 	 0 	 0 	 0.00106610 	 938.00000000 	 1.00000000 	 0.00106610 	 938.00000000 	 11142 	 43201.7 	 43200 	 0 	 .\tabu_settings_ff0909070330.txt_00.txt 
555 	 0 	 0 	 0.00100100 	 999.00000000 	 1.00000000 	 0.00100100 	 999.00000000 	 11368 	 43200.5 	 43200 	 0 	 .\tabu_settings_ff1010070330.txt_00.txt 
572 	 0 	 0 	 0.00205761 	 486.00000000 	 1.00000000 	 0.00205761 	 486.00000000 	 239031 	 43200.0 	 43200 	 0 	 .\tabu_settings_ff0101070602.txt_00.txt 
563 	 0 	 0 	 0.00205339 	 487.00000000 	 1.00000000 	 0.00205339 	 487.00000000 	 235797 	 43200.1 	 43200 	 0 	 .\tabu_settings_ff0202070602.txt_00.txt 
577 	 0 	 0 	 0.00214133 	 467.00000000 	 1.00000000 	 0.00214133 	 467.00000000 	 248431 	 43200.0 	 43200 	 0 	 .\tabu_settings_ff0303070602.txt_00.txt 
584 	 0 	 0 	 0.00205339 	 487.00000000 	 1.00000000 	 0.00205339 	 487.00000000 	 231417 	 43200.1 	 43200 	 0 	 .\tabu_settings_ff0404070602.txt_00.txt 
588 	 0 	 0 	 0.00204082 	 490.00000000 	 1.00000000 	 0.00204082 	 490.00000000 	 232022 	 43200.1 	 43200 	 0 	 .\tabu_settings_ff0505070602.txt_00.txt 
572 	 0 	 0 	 0.00208333 	 480.00000000 	 1.00000000 	 0.00208333 	 480.00000000 	 231162 	 43200.2 	 43200 	 0 	 .\tabu_settings_ff0606070602.txt_00.txt 
587 	 0 	 0 	 0.00211864 	 472.00000000 	 1.00000000 	 0.00211864 	 472.00000000 	 233222 	 43200.1 	 43200 	 0 	 .\tabu_settings_ff0707070602.txt_00.txt 
584 	 0 	 0 	 0.00211416 	 473.00000000 	 1.00000000 	 0.00211416 	 473.00000000 	 245037 	 43200.1 	 43200 	 0 	 .\tabu_settings_ff0808070602.txt_00.txt 
561 	 0 	 0 	 0.00205339 	 487.00000000 	 1.00000000 	 0.00205339 	 487.00000000 	 242294 	 43200.1 	 43200 	 0 	 .\tabu_settings_ff0909070602.txt_00.txt 
555 	 0 	 0 	 0.00198413 	 504.00000000 	 1.00000000 	 0.00198413 	 504.00000000 	 244664 	 43200.1 	 43200 	 0 	 .\tabu_settings_ff1010070602.txt_00.txt 
572 	 0 	 0 	 0.00210970 	 474.00000000 	 1.00000000 	 0.00210970 	 474.00000000 	 98219 	 43200.2 	 43200 	 0 	 .\tabu_settings_ff0101070605.txt_00.txt 
563 	 0 	 0 	 0.00217865 	 459.00000000 	 1.00000000 	 0.00217865 	 459.00000000 	 96245 	 43200.1 	 43200 	 0 	 .\tabu_settings_ff0202070605.txt_00.txt 
577 	 0 	 0 	 0.00221729 	 451.00000000 	 1.00000000 	 0.00221729 	 451.00000000 	 99308 	 43200.4 	 43200 	 0 	 .\tabu_settings_ff0303070605.txt_00.txt 
584 	 0 	 0 	 0.00210526 	 475.00000000 	 1.00000000 	 0.00210526 	 475.00000000 	 94205 	 43200.3 	 43200 	 0 	 .\tabu_settings_ff0404070605.txt_00.txt 
588 	 0 	 0 	 0.00208768 	 479.00000000 	 1.00000000 	 0.00208768 	 479.00000000 	 93770 	 43200.2 	 43200 	 0 	 .\tabu_settings_ff0505070605.txt_00.txt 
572 	 0 	 0 	 0.00217391 	 460.00000000 	 1.00000000 	 0.00217391 	 460.00000000 	 93047 	 43200.2 	 43200 	 0 	 .\tabu_settings_ff0606070605.txt_00.txt 
587 	 0 	 0 	 0.00217865 	 459.00000000 	 1.00000000 	 0.00217865 	 459.00000000 	 95925 	 43200.1 	 43200 	 0 	 .\tabu_settings_ff0707070605.txt_00.txt 
584 	 0 	 0 	 0.00221239 	 452.00000000 	 1.00000000 	 0.00221239 	 452.00000000 	 98390 	 43200.2 	 43200 	 0 	 .\tabu_settings_ff0808070605.txt_00.txt 
561 	 0 	 0 	 0.00211416 	 473.00000000 	 1.00000000 	 0.00211416 	 473.00000000 	 98216 	 43200.2 	 43200 	 0 	 .\tabu_settings_ff0909070605.txt_00.txt 
555 	 0 	 0 	 0.00202840 	 493.00000000 	 1.00000000 	 0.00202840 	 493.00000000 	 99545 	 43200.2 	 43200 	 0 	 .\tabu_settings_ff1010070605.txt_00.txt 
572 	 0 	 0 	 0.00207039 	 483.00000000 	 1.00000000 	 0.00207039 	 483.00000000 	 48554 	 43200.9 	 43200 	 0 	 .\tabu_settings_ff0101070610.txt_00.txt 
563 	 0 	 0 	 0.00217391 	 460.00000000 	 1.00000000 	 0.00217391 	 460.00000000 	 47353 	 43200.0 	 43200 	 0 	 .\tabu_settings_ff0202070610.txt_00.txt 
577 	 0 	 0 	 0.00223714 	 447.00000000 	 1.00000000 	 0.00223714 	 447.00000000 	 49800 	 43200.8 	 43200 	 0 	 .\tabu_settings_ff0303070610.txt_00.txt 
584 	 0 	 0 	 0.00210526 	 475.00000000 	 1.00000000 	 0.00210526 	 475.00000000 	 45842 	 43200.3 	 43200 	 0 	 .\tabu_settings_ff0404070610.txt_00.txt 
588 	 0 	 0 	 0.00215983 	 463.00000000 	 1.00000000 	 0.00215983 	 463.00000000 	 46182 	 43200.7 	 43200 	 0 	 .\tabu_settings_ff0505070610.txt_00.txt 
572 	 0 	 0 	 0.00215054 	 465.00000000 	 1.00000000 	 0.00215054 	 465.00000000 	 45769 	 43200.0 	 43200 	 0 	 .\tabu_settings_ff0606070610.txt_00.txt 
587 	 0 	 0 	 0.00218341 	 458.00000000 	 1.00000000 	 0.00218341 	 458.00000000 	 47455 	 43200.7 	 43200 	 0 	 .\tabu_settings_ff0707070610.txt_00.txt 
584 	 0 	 0 	 0.00225225 	 444.00000000 	 1.00000000 	 0.00225225 	 444.00000000 	 48413 	 43200.8 	 43200 	 0 	 .\tabu_settings_ff0808070610.txt_00.txt 
561 	 0 	 0 	 0.00215517 	 464.00000000 	 1.00000000 	 0.00215517 	 464.00000000 	 47967 	 43200.9 	 43200 	 0 	 .\tabu_settings_ff0909070610.txt_00.txt 
555 	 0 	 0 	 0.00200803 	 498.00000000 	 1.00000000 	 0.00200803 	 498.00000000 	 48418 	 43200.9 	 43200 	 0 	 .\tabu_settings_ff1010070610.txt_00.txt 
572 	 0 	 0 	 0.00218341 	 458.00000000 	 1.00000000 	 0.00218341 	 458.00000000 	 23177 	 43200.3 	 43200 	 0 	 .\tabu_settings_ff0101070620.txt_00.txt 
563 	 0 	 0 	 0.00218818 	 457.00000000 	 1.00000000 	 0.00218818 	 457.00000000 	 22999 	 43201.6 	 43200 	 0 	 .\tabu_settings_ff0202070620.txt_00.txt 
577 	 0 	 0 	 0.00225734 	 443.00000000 	 1.00000000 	 0.00225734 	 443.00000000 	 24474 	 43201.2 	 43200 	 0 	 .\tabu_settings_ff0303070620.txt_00.txt 
584 	 0 	 0 	 0.00211864 	 472.00000000 	 1.00000000 	 0.00211864 	 472.00000000 	 21953 	 43201.7 	 43200 	 0 	 .\tabu_settings_ff0404070620.txt_00.txt 
588 	 0 	 0 	 0.00218818 	 457.00000000 	 1.00000000 	 0.00218818 	 457.00000000 	 22225 	 43201.1 	 43200 	 0 	 .\tabu_settings_ff0505070620.txt_00.txt 
572 	 0 	 0 	 0.00215983 	 463.00000000 	 1.00000000 	 0.00215983 	 463.00000000 	 22409 	 43200.4 	 43200 	 0 	 .\tabu_settings_ff0606070620.txt_00.txt 
587 	 0 	 0 	 0.00216920 	 461.00000000 	 1.00000000 	 0.00216920 	 461.00000000 	 22889 	 43200.1 	 43200 	 0 	 .\tabu_settings_ff0707070620.txt_00.txt 
584 	 0 	 0 	 0.00225225 	 444.00000000 	 1.00000000 	 0.00225225 	 444.00000000 	 23328 	 43200.5 	 43200 	 0 	 .\tabu_settings_ff0808070620.txt_00.txt 
561 	 0 	 0 	 0.00216450 	 462.00000000 	 1.00000000 	 0.00216450 	 462.00000000 	 23458 	 43200.9 	 43200 	 0 	 .\tabu_settings_ff0909070620.txt_00.txt 
555 	 0 	 0 	 0.00207469 	 482.00000000 	 1.00000000 	 0.00207469 	 482.00000000 	 23986 	 43200.7 	 43200 	 0 	 .\tabu_settings_ff1010070620.txt_00.txt 
572 	 0 	 0 	 0.00218341 	 458.00000000 	 1.00000000 	 0.00218341 	 458.00000000 	 15437 	 43202.6 	 43200 	 0 	 .\tabu_settings_ff0101070630.txt_00.txt 
563 	 0 	 0 	 0.00217391 	 460.00000000 	 1.00000000 	 0.00217391 	 460.00000000 	 14805 	 43202.6 	 43200 	 0 	 .\tabu_settings_ff0202070630.txt_00.txt 
577 	 0 	 0 	 0.00224719 	 445.00000000 	 1.00000000 	 0.00224719 	 445.00000000 	 16335 	 43200.4 	 43200 	 0 	 .\tabu_settings_ff0303070630.txt_00.txt 
584 	 0 	 0 	 0.00214592 	 466.00000000 	 1.00000000 	 0.00214592 	 466.00000000 	 14149 	 43201.3 	 43200 	 0 	 .\tabu_settings_ff0404070630.txt_00.txt 
588 	 0 	 0 	 0.00220751 	 453.00000000 	 1.00000000 	 0.00220751 	 453.00000000 	 14433 	 43200.9 	 43200 	 0 	 .\tabu_settings_ff0505070630.txt_00.txt 
572 	 0 	 0 	 0.00216450 	 462.00000000 	 1.00000000 	 0.00216450 	 462.00000000 	 14600 	 43202.5 	 43200 	 0 	 .\tabu_settings_ff0606070630.txt_00.txt 
587 	 0 	 0 	 0.00215983 	 463.00000000 	 1.00000000 	 0.00215983 	 463.00000000 	 14951 	 43201.8 	 43200 	 0 	 .\tabu_settings_ff0707070630.txt_00.txt 
584 	 0 	 0 	 0.00225225 	 444.00000000 	 1.00000000 	 0.00225225 	 444.00000000 	 15274 	 43201.8 	 43200 	 0 	 .\tabu_settings_ff0808070630.txt_00.txt 
561 	 0 	 0 	 0.00214133 	 467.00000000 	 1.00000000 	 0.00214133 	 467.00000000 	 15509 	 43201.5 	 43200 	 0 	 .\tabu_settings_ff0909070630.txt_00.txt 
555 	 0 	 0 	 0.00206612 	 484.00000000 	 1.00000000 	 0.00206612 	 484.00000000 	 15444 	 43201.9 	 43200 	 0 	 .\tabu_settings_ff1010070630.txt_00.txt 
572 	 0 	 0 	 0.00306748 	 326.00000000 	 1.00000000 	 0.00306748 	 326.00000000 	 272066 	 43200.1 	 43200 	 0 	 .\tabu_settings_ff0101070902.txt_00.txt 
563 	 0 	 0 	 0.00314465 	 318.00000000 	 1.00000000 	 0.00314465 	 318.00000000 	 265908 	 43200.2 	 43200 	 0 	 .\tabu_settings_ff0202070902.txt_00.txt 
577 	 0 	 0 	 0.00321543 	 311.00000000 	 1.00000000 	 0.00321543 	 311.00000000 	 281891 	 43200.1 	 43200 	 0 	 .\tabu_settings_ff0303070902.txt_00.txt 
584 	 0 	 0 	 0.00305810 	 327.00000000 	 1.00000000 	 0.00305810 	 327.00000000 	 260899 	 43200.1 	 43200 	 0 	 .\tabu_settings_ff0404070902.txt_00.txt 
588 	 0 	 0 	 0.00301205 	 332.00000000 	 1.00000000 	 0.00301205 	 332.00000000 	 263320 	 43200.0 	 43200 	 0 	 .\tabu_settings_ff0505070902.txt_00.txt 
572 	 0 	 0 	 0.00310559 	 322.00000000 	 1.00000000 	 0.00310559 	 322.00000000 	 260103 	 43200.0 	 43200 	 0 	 .\tabu_settings_ff0606070902.txt_00.txt 
587 	 0 	 0 	 0.00316456 	 316.00000000 	 1.00000000 	 0.00316456 	 316.00000000 	 262557 	 43200.0 	 43200 	 0 	 .\tabu_settings_ff0707070902.txt_00.txt 
584 	 0 	 0 	 0.00316456 	 316.00000000 	 1.00000000 	 0.00316456 	 316.00000000 	 274789 	 43200.1 	 43200 	 0 	 .\tabu_settings_ff0808070902.txt_00.txt 
561 	 0 	 0 	 0.00306748 	 326.00000000 	 1.00000000 	 0.00306748 	 326.00000000 	 268112 	 43200.1 	 43200 	 0 	 .\tabu_settings_ff0909070902.txt_00.txt 
555 	 0 	 0 	 0.00299401 	 334.00000000 	 1.00000000 	 0.00299401 	 334.00000000 	 276006 	 43200.1 	 43200 	 0 	 .\tabu_settings_ff1010070902.txt_00.txt 
572 	 0 	 0 	 0.00318471 	 314.00000000 	 1.00000000 	 0.00318471 	 314.00000000 	 111374 	 43200.0 	 43200 	 0 	 .\tabu_settings_ff0101070905.txt_00.txt 
563 	 0 	 0 	 0.00317460 	 315.00000000 	 1.00000000 	 0.00317460 	 315.00000000 	 110284 	 43200.4 	 43200 	 0 	 .\tabu_settings_ff0202070905.txt_00.txt 
577 	 0 	 0 	 0.00331126 	 302.00000000 	 1.00000000 	 0.00331126 	 302.00000000 	 113755 	 43200.3 	 43200 	 0 	 .\tabu_settings_ff0303070905.txt_00.txt 
584 	 0 	 0 	 0.00315457 	 317.00000000 	 1.00000000 	 0.00315457 	 317.00000000 	 107640 	 43200.3 	 43200 	 0 	 .\tabu_settings_ff0404070905.txt_00.txt 
588 	 0 	 0 	 0.00317460 	 315.00000000 	 1.00000000 	 0.00317460 	 315.00000000 	 105299 	 43200.2 	 43200 	 0 	 .\tabu_settings_ff0505070905.txt_00.txt 
572 	 0 	 0 	 0.00321543 	 311.00000000 	 1.00000000 	 0.00321543 	 311.00000000 	 106325 	 43200.0 	 43200 	 0 	 .\tabu_settings_ff0606070905.txt_00.txt 
587 	 0 	 0 	 0.00323625 	 309.00000000 	 1.00000000 	 0.00323625 	 309.00000000 	 108861 	 43200.3 	 43200 	 0 	 .\tabu_settings_ff0707070905.txt_00.txt 
584 	 0 	 0 	 0.00332226 	 301.00000000 	 1.00000000 	 0.00332226 	 301.00000000 	 112344 	 43200.2 	 43200 	 0 	 .\tabu_settings_ff0808070905.txt_00.txt 
561 	 0 	 0 	 0.00309598 	 323.00000000 	 1.00000000 	 0.00309598 	 323.00000000 	 110617 	 43200.4 	 43200 	 0 	 .\tabu_settings_ff0909070905.txt_00.txt 
555 	 0 	 0 	 0.00298507 	 335.00000000 	 1.00000000 	 0.00298507 	 335.00000000 	 114459 	 43200.3 	 43200 	 0 	 .\tabu_settings_ff1010070905.txt_00.txt 
572 	 0 	 0 	 0.00327869 	 305.00000000 	 1.00000000 	 0.00327869 	 305.00000000 	 54923 	 43200.1 	 43200 	 0 	 .\tabu_settings_ff0101070910.txt_00.txt 
563 	 0 	 0 	 0.00328947 	 304.00000000 	 1.00000000 	 0.00328947 	 304.00000000 	 55065 	 43200.5 	 43200 	 0 	 .\tabu_settings_ff0202070910.txt_00.txt 
577 	 0 	 0 	 0.00332226 	 301.00000000 	 1.00000000 	 0.00332226 	 301.00000000 	 56300 	 43200.5 	 43200 	 0 	 .\tabu_settings_ff0303070910.txt_00.txt 
584 	 0 	 0 	 0.00315457 	 317.00000000 	 1.00000000 	 0.00315457 	 317.00000000 	 53627 	 43200.6 	 43200 	 0 	 .\tabu_settings_ff0404070910.txt_00.txt 
588 	 0 	 0 	 0.00325733 	 307.00000000 	 1.00000000 	 0.00325733 	 307.00000000 	 52827 	 43200.3 	 43200 	 0 	 .\tabu_settings_ff0505070910.txt_00.txt 
572 	 0 	 0 	 0.00323625 	 309.00000000 	 1.00000000 	 0.00323625 	 309.00000000 	 54105 	 43200.7 	 43200 	 0 	 .\tabu_settings_ff0606070910.txt_00.txt 
587 	 0 	 0 	 0.00324675 	 308.00000000 	 1.00000000 	 0.00324675 	 308.00000000 	 53945 	 43200.5 	 43200 	 0 	 .\tabu_settings_ff0707070910.txt_00.txt 
584 	 0 	 0 	 0.00337838 	 296.00000000 	 1.00000000 	 0.00337838 	 296.00000000 	 56207 	 43200.2 	 43200 	 0 	 .\tabu_settings_ff0808070910.txt_00.txt 
561 	 0 	 0 	 0.00317460 	 315.00000000 	 1.00000000 	 0.00317460 	 315.00000000 	 55337 	 43200.2 	 43200 	 0 	 .\tabu_settings_ff0909070910.txt_00.txt 
555 	 0 	 0 	 0.00307692 	 325.00000000 	 1.00000000 	 0.00307692 	 325.00000000 	 56020 	 43200.1 	 43200 	 0 	 .\tabu_settings_ff1010070910.txt_00.txt 
572 	 0 	 0 	 0.00327869 	 305.00000000 	 1.00000000 	 0.00327869 	 305.00000000 	 27159 	 43200.1 	 43200 	 0 	 .\tabu_settings_ff0101070920.txt_00.txt 
563 	 0 	 0 	 0.00321543 	 311.00000000 	 1.00000000 	 0.00321543 	 311.00000000 	 27070 	 43201.4 	 43200 	 0 	 .\tabu_settings_ff0202070920.txt_00.txt 
577 	 0 	 0 	 0.00334448 	 299.00000000 	 1.00000000 	 0.00334448 	 299.00000000 	 28230 	 43200.2 	 43200 	 0 	 .\tabu_settings_ff0303070920.txt_00.txt 
584 	 0 	 0 	 0.00318471 	 314.00000000 	 1.00000000 	 0.00318471 	 314.00000000 	 26050 	 43201.5 	 43200 	 0 	 .\tabu_settings_ff0404070920.txt_00.txt 
588 	 0 	 0 	 0.00328947 	 304.00000000 	 1.00000000 	 0.00328947 	 304.00000000 	 26415 	 43200.0 	 43200 	 0 	 .\tabu_settings_ff0505070920.txt_00.txt 
572 	 0 	 0 	 0.00327869 	 305.00000000 	 1.00000000 	 0.00327869 	 305.00000000 	 26516 	 43200.2 	 43200 	 0 	 .\tabu_settings_ff0606070920.txt_00.txt 
587 	 0 	 0 	 0.00331126 	 302.00000000 	 1.00000000 	 0.00331126 	 302.00000000 	 26618 	 43200.2 	 43200 	 0 	 .\tabu_settings_ff0707070920.txt_00.txt 
584 	 0 	 0 	 0.00337838 	 296.00000000 	 1.00000000 	 0.00337838 	 296.00000000 	 27491 	 43201.3 	 43200 	 0 	 .\tabu_settings_ff0808070920.txt_00.txt 
561 	 0 	 0 	 0.00314465 	 318.00000000 	 1.00000000 	 0.00314465 	 318.00000000 	 27222 	 43201.1 	 43200 	 0 	 .\tabu_settings_ff0909070920.txt_00.txt 
555 	 0 	 0 	 0.00303951 	 329.00000000 	 1.00000000 	 0.00303951 	 329.00000000 	 27943 	 43200.3 	 43200 	 0 	 .\tabu_settings_ff1010070920.txt_00.txt 
572 	 0 	 0 	 0.00320513 	 312.00000000 	 1.00000000 	 0.00320513 	 312.00000000 	 17673 	 43202.1 	 43200 	 0 	 .\tabu_settings_ff0101070930.txt_00.txt 
563 	 0 	 0 	 0.00320513 	 312.00000000 	 1.00000000 	 0.00320513 	 312.00000000 	 17466 	 43200.4 	 43200 	 0 	 .\tabu_settings_ff0202070930.txt_00.txt 
577 	 0 	 0 	 0.00337838 	 296.00000000 	 1.00000000 	 0.00337838 	 296.00000000 	 18508 	 43201.1 	 43200 	 0 	 .\tabu_settings_ff0303070930.txt_00.txt 
584 	 0 	 0 	 0.00310559 	 322.00000000 	 1.00000000 	 0.00310559 	 322.00000000 	 16940 	 43200.8 	 43200 	 0 	 .\tabu_settings_ff0404070930.txt_00.txt 
588 	 0 	 0 	 0.00334448 	 299.00000000 	 1.00000000 	 0.00334448 	 299.00000000 	 17306 	 43200.5 	 43200 	 0 	 .\tabu_settings_ff0505070930.txt_00.txt 
572 	 0 	 0 	 0.00327869 	 305.00000000 	 1.00000000 	 0.00327869 	 305.00000000 	 17076 	 43202.5 	 43200 	 0 	 .\tabu_settings_ff0606070930.txt_00.txt 
587 	 0 	 0 	 0.00325733 	 307.00000000 	 1.00000000 	 0.00325733 	 307.00000000 	 17341 	 43200.8 	 43200 	 0 	 .\tabu_settings_ff0707070930.txt_00.txt 
584 	 0 	 0 	 0.00340136 	 294.00000000 	 1.00000000 	 0.00340136 	 294.00000000 	 18217 	 43202.1 	 43200 	 0 	 .\tabu_settings_ff0808070930.txt_00.txt 
561 	 0 	 0 	 0.00321543 	 311.00000000 	 1.00000000 	 0.00321543 	 311.00000000 	 17905 	 43200.8 	 43200 	 0 	 .\tabu_settings_ff0909070930.txt_00.txt 
555 	 0 	 0 	 0.00299401 	 334.00000000 	 1.00000000 	 0.00299401 	 334.00000000 	 18087 	 43200.2 	 43200 	 0 	 .\tabu_settings_ff1010070930.txt_00.txt 
572 	 0 	 0 	 0.00400000 	 250.00000000 	 1.00000000 	 0.00400000 	 250.00000000 	 295693 	 43200.1 	 43200 	 0 	 .\tabu_settings_ff0101071202.txt_00.txt 
563 	 0 	 0 	 0.00403226 	 248.00000000 	 1.00000000 	 0.00403226 	 248.00000000 	 290521 	 43200.0 	 43200 	 0 	 .\tabu_settings_ff0202071202.txt_00.txt 
577 	 0 	 0 	 0.00427350 	 234.00000000 	 1.00000000 	 0.00427350 	 234.00000000 	 298647 	 43200.1 	 43200 	 0 	 .\tabu_settings_ff0303071202.txt_00.txt 
584 	 0 	 0 	 0.00406504 	 246.00000000 	 1.00000000 	 0.00406504 	 246.00000000 	 283171 	 43200.1 	 43200 	 0 	 .\tabu_settings_ff0404071202.txt_00.txt 
588 	 0 	 0 	 0.00403226 	 248.00000000 	 1.00000000 	 0.00403226 	 248.00000000 	 279767 	 43200.1 	 43200 	 0 	 .\tabu_settings_ff0505071202.txt_00.txt 
572 	 0 	 0 	 0.00409836 	 244.00000000 	 1.00000000 	 0.00409836 	 244.00000000 	 283667 	 43200.1 	 43200 	 0 	 .\tabu_settings_ff0606071202.txt_00.txt 
587 	 0 	 0 	 0.00413223 	 242.00000000 	 1.00000000 	 0.00413223 	 242.00000000 	 284129 	 43200.1 	 43200 	 0 	 .\tabu_settings_ff0707071202.txt_00.txt 
584 	 0 	 0 	 0.00418410 	 239.00000000 	 1.00000000 	 0.00418410 	 239.00000000 	 293332 	 43200.1 	 43200 	 0 	 .\tabu_settings_ff0808071202.txt_00.txt 
561 	 0 	 0 	 0.00401606 	 249.00000000 	 1.00000000 	 0.00401606 	 249.00000000 	 289820 	 43200.0 	 43200 	 0 	 .\tabu_settings_ff0909071202.txt_00.txt 
555 	 0 	 0 	 0.00392157 	 255.00000000 	 1.00000000 	 0.00392157 	 255.00000000 	 297542 	 43200.1 	 43200 	 0 	 .\tabu_settings_ff1010071202.txt_00.txt 
572 	 0 	 0 	 0.00403226 	 248.00000000 	 1.00000000 	 0.00403226 	 248.00000000 	 120181 	 43200.4 	 43200 	 0 	 .\tabu_settings_ff0101071205.txt_00.txt 
563 	 0 	 0 	 0.00425532 	 235.00000000 	 1.00000000 	 0.00425532 	 235.00000000 	 118681 	 43200.2 	 43200 	 0 	 .\tabu_settings_ff0202071205.txt_00.txt 
577 	 0 	 0 	 0.00432900 	 231.00000000 	 1.00000000 	 0.00432900 	 231.00000000 	 122630 	 43200.3 	 43200 	 0 	 .\tabu_settings_ff0303071205.txt_00.txt 
584 	 0 	 0 	 0.00414938 	 241.00000000 	 1.00000000 	 0.00414938 	 241.00000000 	 117745 	 43200.1 	 43200 	 0 	 .\tabu_settings_ff0404071205.txt_00.txt 
588 	 0 	 0 	 0.00421941 	 237.00000000 	 1.00000000 	 0.00421941 	 237.00000000 	 115975 	 43200.1 	 43200 	 0 	 .\tabu_settings_ff0505071205.txt_00.txt 
572 	 0 	 0 	 0.00421941 	 237.00000000 	 1.00000000 	 0.00421941 	 237.00000000 	 117456 	 43200.1 	 43200 	 0 	 .\tabu_settings_ff0606071205.txt_00.txt 
587 	 0 	 0 	 0.00425532 	 235.00000000 	 1.00000000 	 0.00425532 	 235.00000000 	 118021 	 43200.0 	 43200 	 0 	 .\tabu_settings_ff0707071205.txt_00.txt 
584 	 0 	 0 	 0.00431034 	 232.00000000 	 1.00000000 	 0.00431034 	 232.00000000 	 120876 	 43200.0 	 43200 	 0 	 .\tabu_settings_ff0808071205.txt_00.txt 
561 	 0 	 0 	 0.00401606 	 249.00000000 	 1.00000000 	 0.00401606 	 249.00000000 	 122328 	 43200.3 	 43200 	 0 	 .\tabu_settings_ff0909071205.txt_00.txt 
555 	 0 	 0 	 0.00395257 	 253.00000000 	 1.00000000 	 0.00395257 	 253.00000000 	 123517 	 43200.2 	 43200 	 0 	 .\tabu_settings_ff1010071205.txt_00.txt 
572 	 0 	 0 	 0.00432900 	 231.00000000 	 1.00000000 	 0.00432900 	 231.00000000 	 60050 	 43200.1 	 43200 	 0 	 .\tabu_settings_ff0101071210.txt_00.txt 
563 	 0 	 0 	 0.00425532 	 235.00000000 	 1.00000000 	 0.00425532 	 235.00000000 	 58585 	 43200.0 	 43200 	 0 	 .\tabu_settings_ff0202071210.txt_00.txt 
577 	 0 	 0 	 0.00442478 	 226.00000000 	 1.00000000 	 0.00442478 	 226.00000000 	 61797 	 43200.6 	 43200 	 0 	 .\tabu_settings_ff0303071210.txt_00.txt 
584 	 0 	 0 	 0.00414938 	 241.00000000 	 1.00000000 	 0.00414938 	 241.00000000 	 58456 	 43200.2 	 43200 	 0 	 .\tabu_settings_ff0404071210.txt_00.txt 
588 	 0 	 0 	 0.00432900 	 231.00000000 	 1.00000000 	 0.00432900 	 231.00000000 	 58221 	 43200.7 	 43200 	 0 	 .\tabu_settings_ff0505071210.txt_00.txt 
572 	 0 	 0 	 0.00418410 	 239.00000000 	 1.00000000 	 0.00418410 	 239.00000000 	 58863 	 43200.2 	 43200 	 0 	 .\tabu_settings_ff0606071210.txt_00.txt 
587 	 0 	 0 	 0.00436681 	 229.00000000 	 1.00000000 	 0.00436681 	 229.00000000 	 59865 	 43200.2 	 43200 	 0 	 .\tabu_settings_ff0707071210.txt_00.txt 
584 	 0 	 0 	 0.00440529 	 227.00000000 	 1.00000000 	 0.00440529 	 227.00000000 	 61690 	 43200.4 	 43200 	 0 	 .\tabu_settings_ff0808071210.txt_00.txt 
561 	 0 	 0 	 0.00414938 	 241.00000000 	 1.00000000 	 0.00414938 	 241.00000000 	 61365 	 43200.3 	 43200 	 0 	 .\tabu_settings_ff0909071210.txt_00.txt 
555 	 0 	 0 	 0.00389105 	 257.00000000 	 1.00000000 	 0.00389105 	 257.00000000 	 61618 	 43200.6 	 43200 	 0 	 .\tabu_settings_ff1010071210.txt_00.txt 
572 	 0 	 0 	 0.00398406 	 251.00000000 	 1.00000000 	 0.00398406 	 251.00000000 	 30247 	 43200.6 	 43200 	 0 	 .\tabu_settings_ff0101071220.txt_00.txt 
563 	 0 	 0 	 0.00425532 	 235.00000000 	 1.00000000 	 0.00425532 	 235.00000000 	 29506 	 43200.9 	 43200 	 0 	 .\tabu_settings_ff0202071220.txt_00.txt 
577 	 0 	 0 	 0.00442478 	 226.00000000 	 1.00000000 	 0.00442478 	 226.00000000 	 31089 	 43201.1 	 43200 	 0 	 .\tabu_settings_ff0303071220.txt_00.txt 
584 	 0 	 0 	 0.00420168 	 238.00000000 	 1.00000000 	 0.00420168 	 238.00000000 	 28767 	 43200.0 	 43200 	 0 	 .\tabu_settings_ff0404071220.txt_00.txt 
588 	 0 	 0 	 0.00431034 	 232.00000000 	 1.00000000 	 0.00431034 	 232.00000000 	 28892 	 43200.3 	 43200 	 0 	 .\tabu_settings_ff0505071220.txt_00.txt 
572 	 0 	 0 	 0.00427350 	 234.00000000 	 1.00000000 	 0.00427350 	 234.00000000 	 28783 	 43201.3 	 43200 	 0 	 .\tabu_settings_ff0606071220.txt_00.txt 
587 	 0 	 0 	 0.00440529 	 227.00000000 	 1.00000000 	 0.00440529 	 227.00000000 	 29450 	 43200.5 	 43200 	 0 	 .\tabu_settings_ff0707071220.txt_00.txt 
584 	 0 	 0 	 0.00444444 	 225.00000000 	 1.00000000 	 0.00444444 	 225.00000000 	 29997 	 43200.2 	 43200 	 0 	 .\tabu_settings_ff0808071220.txt_00.txt 
561 	 0 	 0 	 0.00418410 	 239.00000000 	 1.00000000 	 0.00418410 	 239.00000000 	 30342 	 43201.3 	 43200 	 0 	 .\tabu_settings_ff0909071220.txt_00.txt 
555 	 0 	 0 	 0.00404858 	 247.00000000 	 1.00000000 	 0.00404858 	 247.00000000 	 30269 	 43201.2 	 43200 	 0 	 .\tabu_settings_ff1010071220.txt_00.txt 
572 	 0 	 0 	 0.00423729 	 236.00000000 	 1.00000000 	 0.00423729 	 236.00000000 	 19473 	 43201.9 	 43200 	 0 	 .\tabu_settings_ff0101071230.txt_00.txt 
563 	 0 	 0 	 0.00420168 	 238.00000000 	 1.00000000 	 0.00420168 	 238.00000000 	 19055 	 43201.3 	 43200 	 0 	 .\tabu_settings_ff0202071230.txt_00.txt 
577 	 0 	 0 	 0.00434783 	 230.00000000 	 1.00000000 	 0.00434783 	 230.00000000 	 20450 	 43201.1 	 43200 	 0 	 .\tabu_settings_ff0303071230.txt_00.txt 
584 	 0 	 0 	 0.00418410 	 239.00000000 	 1.00000000 	 0.00418410 	 239.00000000 	 18927 	 43200.7 	 43200 	 0 	 .\tabu_settings_ff0404071230.txt_00.txt 
588 	 0 	 0 	 0.00431034 	 232.00000000 	 1.00000000 	 0.00431034 	 232.00000000 	 18937 	 43200.1 	 43200 	 0 	 .\tabu_settings_ff0505071230.txt_00.txt 
572 	 0 	 0 	 0.00431034 	 232.00000000 	 1.00000000 	 0.00431034 	 232.00000000 	 18988 	 43201.5 	 43200 	 0 	 .\tabu_settings_ff0606071230.txt_00.txt 
587 	 0 	 0 	 0.00431034 	 232.00000000 	 1.00000000 	 0.00431034 	 232.00000000 	 19227 	 43200.2 	 43200 	 0 	 .\tabu_settings_ff0707071230.txt_00.txt 
584 	 0 	 0 	 0.00444444 	 225.00000000 	 1.00000000 	 0.00444444 	 225.00000000 	 19744 	 43202.1 	 43200 	 0 	 .\tabu_settings_ff0808071230.txt_00.txt 
561 	 0 	 0 	 0.00431034 	 232.00000000 	 1.00000000 	 0.00431034 	 232.00000000 	 19759 	 43201.4 	 43200 	 0 	 .\tabu_settings_ff0909071230.txt_00.txt 
555 	 0 	 0 	 0.00383142 	 261.00000000 	 1.00000000 	 0.00383142 	 261.00000000 	 19861 	 43200.9 	 43200 	 0 	 .\tabu_settings_ff1010071230.txt_00.txt 
