3\\minimal pattern length
16\\virus generations
100\\virus population
0.120000\\virus prob cut
0.150000\\virus prob splice
0.050000\\virus prob mutation
0.050000\\virus prob rem gene
0.050000\\virus prob add gene





Generation: 0 


FITNESS EVALUATIONS: 372  	  time passed:49.5831 






Generation: 1 


FITNESS EVALUATIONS: 373  	  time passed:49.8095 






Generation: 2 


FITNESS EVALUATIONS: 962  	  time passed:130.3182 









BREAK AT THE SAME BASE: 2



BREAK AT IMMEDIATE INFECT: 1



TEMPLATES: 3 (7000)



TEMPLATES: 0
744
1  ?  ?  1  1  ?  1  1  ?  1  ?  1  1  1  1  ?  1  ?  1  1  1  ?  1  1  1  1  1  1  ?  1  ?  1  1  1  ?  ?  ?  1  ?  1  1  1  ?  1  1  ?  1  1  1  1  1  ?  1  1  1  1  ?  1  1  ?  1  1  ?  1  1  ?  1  1  1  1  1  1  1  1  ?  1  ?  1  1  1  1  1  1  ?  1  1  1  1  1  1  1  1  1  ?  1  1  1  ?  1  ?  ?  1  1  1  1  1  ?  1  ?  ?  ?  1  ?  ?  ?  1  1  ?  1  1  ?  1  1  ?  ?  1  ?  1  ?  1  ?  1  1  1  1  ?  1  1  1  ?  1  1  1  1  ?  ?  ?  ?  ?  1  ?  1  ?  1  1  1  1  1  1  1  1  1  1  1  1  ?  ?  ?  1  1  1  1  1  ?  ?  1  ?  1  1  1  1  1  1  1  1  1  1  ?  1  1  1  1  ?  ?  1  1  1  1  1  ?  1  1  ?  1  ?  ?  1  1  1  1  1  1  ?  1  1  1  1  1  1  1  1  1  1  1  1  1  ?  1  1  1  1  1  ?  1  1  1  1  1  1  1  1  1  1  1  1  1  1  ?  1  1  1  1  1  1  ?  1  1  ?  1  1  1  1  1  1  1  1  1  1  1  1  1  ?  ?  1  1  1  1  1  1  1  1  1  1  1  1  1  1  1  1  1  ?  1  1  1  ?  ?  ?  1  1  1  1  1  1  1  ?  1  ?  1  1  1  1  1  1  1  1  1  ?  1  1  1  1  1  ?  1  1  1  ?  ?  ?  1  1  1  ?  ?  ?  ?  1  1  1  1  1  1  1  1  1  1  1  1  1  1  1  1  ?  1  1  1  1  1  1  1  1  ?  1  1  1  1  1  1  1  1  1  ?  1  1  1  1  1  1  1  1  1  1  1  1  ?  1  1  1  1  1  1  1  ?  1  1  ?  ?  ?  ?  1  1  1  1  1  1  ?  ?  1  ?  1  1  1  1  1  1  1  ?  1  1  ?  ?  ?  1  1  ?  1  1  1  ?  ?  1  ?  ?  1  1  1  ?  ?  1  1  ?  ?  1  ?  1  1  1  1  1  ?  1  1  1  1  ?  1  1  ?  1  1  1  1  1  1  ?  1  1  ?  1  ?  1  ?  1  1  ?  1  1  1  1  1  1  ?  1  ?  1  1  1  1  1  1  1  1  1  1  ?  1  1  1  1  ?  ?  1  1  1  1  ?  ?  1  ?  ?  1  1  1  1  1  1  1  ?  1  1  ?  1  ?  ?  1  ?  ?  ?  ?  1  1  ?  1  1  1  1  1  1  1  1  ?  1  1  1  1  1  1  1  1  1  ?  1  1  1  1  1  1  ?  1  ?  ?  1  1  1  1  ?  1  1  1  1  1  1  1  ?  1  ?  1  ?  1  1  ?  1  1  1  1  ?  1  1  1  ?  1  ?  1  1  1  1  1  1  ?  1  1  ?  1  1  1  1  1  1  1  1  1  1  1  1  1  1  ?  1  1  1  1  1  ?  1  1  ?  1  1  1  1  1  1  1  1  1  1  1  ?  1  ?  ?  ?  1  ?  ?  1  ?  1  1  1  1  1  1  1  1  ?  1  1  1  1  1  1  ?  1  1  1  1  1  1  1  ?  1  1  1  ?  ?  ?  ?  1  1  ?  1  ?  ?  ?  1  1  1  1  1  1  1  1  1  1  1  1  1  ?  1  1  1  ?  1  1  1  1  1  1  ?  1  1  ?  ?  1  1  1  ?  1  ?  ?  1  1  1  ?  ?  ?  1  1  1  1  ?  1  1  1  1  1  1  1  1  ?  1  1  1  ?  ?  1  1  1  1  ?  1  1  1  1  ?  1  1  1  1  1  ?  1  ?  ?  1  1  1  1  1  1  1  1  1  ?  ?  ?  1  1  1  1  ?  ?  1  1  1  ?  1  ?  1  1  1  1  ?  1  1  1  1  1  1  1  ?  1  1  1  1  1  1  1  ?  1  ?  1  1  1  1  ?  1  ?  ?  1  1  1  ?  1  ?  1  1  1  1  1  1  ?  1  1  1  1  1  1  1  1  1  ?  1  1  1  1  1  ?  1  1  1  1  1  1  ?  ?  1  ?  ?  ?  ?  1  ?  ?  1  1  ?  1  1  1  ?  1  ?  ?  1  ?  1  1  ?  1  1  ?  ?  1  ?  1  1  1  1  1  1  1  1  1  1  1  1  1  1  1  1  1  ?  1  1  ?  1  1  1  1  1  1  1  1  ?  ?  1  1  1  1  1  1  1  ?  ?  1  ?  ?  1  1  1  ?  1  1  ?  1  1  1  1  1  ?  ?  1  1  1  1  1  ?  1  1  1  1  1  1  1  1  1  ?  1  ?  1  1  1  1  1  1  1  1  1  ?  1  ?  1  1  1  1  1  ?  1  1  ?  1  1  ?  ?  1  1  ?  ?  ?  1  1  ?  ?  ?  1  1  1  1  1  1  


TEMPLATES: 1
900
1  1  ?  1  1  ?  1  1  1  1  ?  1  1  1  1  1  1  1  1  1  1  1  1  1  1  1  1  1  ?  1  1  1  1  1  1  1  1  1  1  1  1  1  ?  1  1  ?  1  1  1  1  1  1  1  1  1  1  1  1  1  ?  1  1  ?  1  1  ?  1  1  1  1  1  1  1  1  ?  1  ?  1  1  1  1  1  1  ?  1  1  1  1  1  1  1  1  1  1  1  1  1  1  1  ?  1  1  1  1  1  1  1  1  1  1  1  1  ?  ?  1  1  1  ?  1  1  ?  1  1  1  1  1  1  1  1  1  1  1  1  1  1  ?  1  1  1  ?  1  1  1  1  1  ?  1  1  1  1  ?  1  1  1  1  1  1  1  1  1  1  1  1  1  1  ?  1  ?  1  1  1  1  1  1  1  1  1  1  1  1  1  1  1  1  1  1  1  1  1  1  1  1  ?  1  1  1  1  1  1  1  1  1  1  1  ?  1  1  1  1  1  1  1  ?  1  1  1  1  1  1  1  1  1  1  1  1  1  ?  1  1  1  1  1  1  1  1  1  1  1  1  1  1  1  1  1  1  1  1  ?  1  1  1  1  1  1  1  1  1  1  1  1  1  1  1  1  1  1  1  1  1  1  1  ?  ?  1  1  1  1  1  1  1  1  1  1  1  1  1  1  1  1  1  ?  1  1  1  ?  ?  1  1  1  1  1  1  1  1  ?  1  1  1  1  1  1  1  1  1  1  1  1  1  1  1  1  1  1  1  1  1  1  1  ?  1  1  1  ?  1  ?  1  1  1  1  1  1  1  1  1  1  1  1  1  1  1  1  1  ?  1  1  1  1  1  1  1  1  ?  1  1  1  1  1  1  1  1  1  ?  1  1  1  1  1  1  1  1  1  1  1  1  1  1  1  1  1  1  1  1  ?  1  1  1  1  1  1  1  1  1  1  1  1  1  1  1  ?  1  1  1  1  1  1  1  ?  1  1  1  ?  1  1  1  1  1  1  1  1  1  1  1  ?  1  1  1  ?  ?  1  1  1  1  1  1  1  1  1  1  1  ?  1  1  1  1  ?  1  1  1  1  1  1  1  1  1  ?  1  1  ?  1  ?  1  1  1  1  1  1  1  1  1  1  1  ?  1  1  1  1  1  1  1  1  1  1  1  1  ?  1  1  1  1  ?  1  1  1  1  1  1  ?  1  ?  1  1  1  1  1  1  1  1  1  1  1  1  1  1  1  1  1  1  ?  ?  1  1  ?  1  1  1  1  1  1  1  1  1  1  1  1  1  1  1  1  1  1  ?  1  1  1  1  1  1  1  1  ?  1  1  1  1  1  1  1  1  1  1  1  1  1  1  1  ?  1  ?  1  1  1  1  1  1  1  ?  1  1  1  1  1  ?  1  1  1  1  1  1  ?  1  1  ?  1  1  1  1  1  1  1  1  1  1  1  1  1  1  1  1  1  1  1  1  ?  1  1  ?  1  1  1  1  1  1  1  1  1  1  1  1  1  1  ?  ?  1  ?  ?  1  ?  1  1  1  1  1  1  1  1  1  1  1  1  1  1  1  ?  1  1  1  1  1  1  1  ?  1  1  1  1  1  1  1  1  1  ?  1  1  ?  1  1  1  1  1  1  1  1  1  1  1  1  1  1  1  1  1  1  1  1  1  1  1  1  1  1  1  1  ?  ?  1  1  1  1  1  ?  1  1  1  1  1  1  ?  1  1  1  1  1  1  1  1  1  1  1  1  1  1  1  1  1  1  ?  1  1  1  1  1  1  1  1  1  1  1  1  1  1  1  ?  1  1  1  1  1  1  1  1  1  1  1  1  1  1  1  1  1  1  1  1  ?  1  1  1  1  1  1  1  1  1  1  1  1  1  1  1  1  1  1  1  1  1  1  1  1  1  1  ?  1  1  1  1  1  1  ?  1  1  1  1  1  1  1  1  1  1  1  1  1  1  1  ?  1  1  1  1  1  1  1  1  1  ?  1  1  1  1  1  ?  1  1  1  1  1  1  1  1  1  1  1  1  1  1  1  1  1  1  1  1  1  1  ?  1  1  1  1  ?  1  1  1  1  1  1  1  1  ?  1  1  1  1  1  1  1  1  1  1  1  1  1  1  1  1  1  1  1  1  1  1  1  1  1  1  1  1  1  1  ?  1  1  1  1  1  1  1  1  ?  1  1  ?  1  1  1  1  1  1  1  1  1  1  1  1  1  ?  1  1  1  1  1  ?  1  1  1  1  1  1  1  1  1  1  1  1  1  1  1  1  1  1  1  1  1  ?  1  1  1  1  1  1  1  1  1  1  1  1  1  ?  1  1  1  1  1  1  1  1  ?  1  1  1  1  1  1  1  1  


TEMPLATES: 2
744
1  ?  ?  1  1  ?  1  1  ?  1  ?  1  1  1  1  ?  1  ?  1  1  1  ?  1  1  1  1  1  1  ?  1  ?  1  1  1  ?  ?  ?  1  ?  1  1  1  ?  1  1  ?  1  1  1  1  1  ?  1  1  1  1  ?  1  1  ?  1  1  ?  1  1  ?  1  1  1  1  1  1  1  1  ?  1  ?  1  1  1  1  1  1  ?  1  1  1  1  1  1  1  1  1  ?  1  1  1  ?  1  ?  ?  1  1  1  1  1  ?  1  ?  ?  ?  1  ?  ?  ?  1  1  ?  1  1  ?  1  1  ?  ?  1  ?  1  ?  1  ?  1  1  1  1  ?  1  1  1  ?  1  1  1  1  ?  ?  ?  ?  ?  1  ?  1  ?  1  1  1  1  1  1  1  1  1  1  1  1  ?  ?  ?  1  1  1  1  1  ?  ?  1  ?  1  1  1  1  1  1  1  1  1  1  ?  1  1  1  1  ?  ?  1  1  1  1  1  ?  1  1  ?  1  ?  ?  1  1  1  1  1  1  ?  1  1  1  1  1  1  1  1  1  1  1  1  1  ?  1  1  1  1  1  ?  1  1  1  1  1  1  1  1  1  1  1  1  1  1  ?  1  1  1  1  1  1  ?  1  1  ?  1  1  1  1  1  1  1  1  1  1  1  1  1  ?  ?  1  1  1  1  1  1  1  1  1  1  1  1  1  1  1  1  1  ?  1  1  1  ?  ?  ?  1  1  1  1  1  1  1  ?  1  ?  1  1  1  1  1  1  1  1  1  ?  1  1  1  1  1  ?  1  1  1  ?  ?  ?  1  1  1  ?  ?  ?  ?  1  1  1  1  1  1  1  1  1  1  1  1  1  1  1  1  ?  1  1  1  1  1  1  1  1  ?  1  1  1  1  1  1  1  1  1  ?  1  1  1  1  1  1  1  1  1  1  1  1  ?  1  1  1  1  1  1  1  ?  1  1  ?  ?  ?  ?  1  1  1  1  1  1  ?  ?  1  ?  1  1  1  1  1  1  1  ?  1  1  ?  ?  ?  1  1  ?  1  1  1  ?  ?  1  ?  ?  1  1  1  ?  ?  1  1  ?  ?  1  ?  1  1  1  1  1  ?  1  1  1  1  ?  1  1  ?  1  1  1  1  1  1  ?  1  1  ?  1  ?  1  ?  1  1  ?  1  1  1  1  1  1  ?  1  ?  1  1  1  1  1  1  1  1  1  1  ?  1  1  1  1  ?  ?  1  1  1  1  ?  ?  1  ?  ?  1  1  1  1  1  1  1  ?  1  1  ?  1  ?  ?  1  ?  ?  ?  ?  1  1  ?  1  1  1  1  1  1  1  1  ?  1  1  1  1  1  1  1  1  1  ?  1  1  1  1  1  1  ?  1  ?  ?  1  1  1  1  ?  1  1  1  1  1  1  1  ?  1  ?  1  ?  1  1  ?  1  1  1  1  ?  1  1  1  ?  1  ?  1  1  1  1  1  1  ?  1  1  ?  1  1  1  1  1  1  1  1  1  1  1  1  1  1  ?  1  1  1  1  1  ?  1  1  ?  1  1  1  1  1  1  1  1  1  1  1  ?  1  ?  ?  ?  1  ?  ?  1  ?  1  1  1  1  1  1  1  1  ?  1  1  1  1  1  1  ?  1  1  1  1  1  1  1  ?  1  1  1  ?  ?  ?  ?  1  1  ?  1  ?  ?  ?  1  1  1  1  1  1  1  1  1  1  1  1  1  ?  1  1  1  ?  1  1  1  1  1  1  ?  1  1  ?  ?  1  1  1  ?  1  ?  ?  1  1  1  ?  ?  ?  1  1  1  1  ?  1  1  1  1  1  1  1  1  ?  1  1  1  ?  ?  1  1  1  1  ?  1  1  1  1  ?  1  1  1  1  1  ?  1  ?  ?  1  1  1  1  1  1  1  1  1  ?  ?  ?  1  1  1  1  ?  ?  1  1  1  ?  1  ?  1  1  1  1  ?  1  1  1  1  1  1  1  ?  1  1  1  1  1  1  1  ?  1  ?  1  1  1  1  ?  1  ?  ?  1  1  1  ?  1  ?  1  1  1  1  1  1  ?  1  1  1  1  1  1  1  1  1  ?  1  1  1  1  1  ?  1  1  1  1  1  1  ?  ?  1  ?  ?  ?  ?  1  ?  ?  1  1  ?  1  1  1  ?  1  ?  ?  1  ?  1  1  ?  1  1  ?  ?  1  ?  1  1  1  1  1  1  1  1  1  1  1  1  1  1  1  1  1  ?  1  1  ?  1  1  1  1  1  1  1  1  ?  ?  1  1  1  1  1  1  1  ?  ?  1  ?  ?  1  1  1  ?  1  1  ?  1  1  1  1  1  ?  ?  1  1  1  1  1  ?  1  1  1  1  1  1  1  1  1  ?  1  ?  1  1  1  1  1  1  1  1  1  ?  1  ?  1  1  1  1  1  ?  1  1  ?  1  1  ?  ?  1  1  ?  ?  ?  1  1  ?  ?  ?  1  1  1  1  1  1  




FITNESS EVALUATIONS: 962



