572 	 0 	 0 	 4.26 	 3238 	 0.00101215 	 988.00000000 	 1.00000000 	 0.00101215 	 988.00000000 	 286089 	 43326.9 	 43200 	 0 	 .\mup_settings_ff0101070302.txt_00.txt 
563 	 0 	 0 	 1.74 	 3159 	 0.00103627 	 965.00000000 	 1.00000000 	 0.00103627 	 965.00000000 	 282296 	 43367.2 	 43200 	 0 	 .\mup_settings_ff0202070302.txt_00.txt 
577 	 0 	 0 	 6.48 	 3188 	 0.00106270 	 941.00000000 	 1.00000000 	 0.00106270 	 941.00000000 	 304795 	 43404.8 	 43200 	 0 	 .\mup_settings_ff0303070302.txt_00.txt 
584 	 0 	 0 	 1.39 	 3328 	 0.00101833 	 982.00000000 	 1.00000000 	 0.00101833 	 982.00000000 	 280018 	 43854.6 	 43200 	 0 	 .\mup_settings_ff0404070302.txt_00.txt 
588 	 0 	 0 	 2.82 	 3316 	 0.00101626 	 984.00000000 	 1.00000000 	 0.00101626 	 984.00000000 	 273429 	 43431.6 	 43200 	 0 	 .\mup_settings_ff0505070302.txt_00.txt 
572 	 0 	 0 	 4.26 	 3238 	 0.00102987 	 971.00000000 	 1.00000000 	 0.00102987 	 971.00000000 	 274886 	 43658.1 	 43200 	 0 	 .\mup_settings_ff0606070302.txt_00.txt 
587 	 0 	 0 	 6.73 	 3304 	 0.00105374 	 949.00000000 	 1.00000000 	 0.00105374 	 949.00000000 	 280718 	 43410.5 	 43200 	 0 	 .\mup_settings_ff0707070302.txt_00.txt 
584 	 0 	 0 	 6.08 	 3236 	 0.00105485 	 948.00000000 	 1.00000000 	 0.00105485 	 948.00000000 	 290296 	 43339.7 	 43200 	 0 	 .\mup_settings_ff0808070302.txt_00.txt 
561 	 0 	 0 	 6.02 	 3094 	 0.00102354 	 977.00000000 	 1.00000000 	 0.00102354 	 977.00000000 	 296426 	 43254.6 	 43200 	 0 	 .\mup_settings_ff0909070302.txt_00.txt 
555 	 0 	 0 	 2.38 	 3116 	 0.00098425 	 1016.00000000 	 1.00000000 	 0.00098425 	 1016.00000000 	 303861 	 43921.4 	 43200 	 0 	 .\mup_settings_ff1010070302.txt_00.txt 
572 	 0 	 0 	 2.32 	 3637 	 0.00105042 	 952.00000000 	 1.00000000 	 0.00105042 	 952.00000000 	 113582 	 43315.2 	 43200 	 0 	 .\mup_settings_ff0101070305.txt_00.txt 
563 	 0 	 0 	 4.16 	 3549 	 0.00107066 	 934.00000000 	 1.00000000 	 0.00107066 	 934.00000000 	 111067 	 43465.6 	 43200 	 0 	 .\mup_settings_ff0202070305.txt_00.txt 
577 	 0 	 0 	 1.47 	 3583 	 0.00109409 	 914.00000000 	 1.00000000 	 0.00109409 	 914.00000000 	 119380 	 43640.8 	 43200 	 0 	 .\mup_settings_ff0303070305.txt_00.txt 
584 	 0 	 0 	 2.70 	 3736 	 0.00105152 	 951.00000000 	 1.00000000 	 0.00105152 	 951.00000000 	 106785 	 43418.1 	 43200 	 0 	 .\mup_settings_ff0404070305.txt_00.txt 
588 	 0 	 0 	 8.74 	 3723 	 0.00104384 	 958.00000000 	 1.00000000 	 0.00104384 	 958.00000000 	 107679 	 44537.7 	 43200 	 0 	 .\mup_settings_ff0505070305.txt_00.txt 
572 	 0 	 0 	 2.32 	 3637 	 0.00108225 	 924.00000000 	 1.00000000 	 0.00108225 	 924.00000000 	 106047 	 44043.9 	 43200 	 0 	 .\mup_settings_ff0606070305.txt_00.txt 
587 	 0 	 0 	 1.33 	 3711 	 0.00108460 	 922.00000000 	 1.00000000 	 0.00108460 	 922.00000000 	 110858 	 43773.8 	 43200 	 0 	 .\mup_settings_ff0707070305.txt_00.txt 
584 	 0 	 0 	 2.07 	 3636 	 0.00108225 	 924.00000000 	 1.00000000 	 0.00108225 	 924.00000000 	 112294 	 43423.5 	 43200 	 0 	 .\mup_settings_ff0808070305.txt_00.txt 
561 	 0 	 0 	 6.19 	 3478 	 0.00107875 	 927.00000000 	 1.00000000 	 0.00107875 	 927.00000000 	 117734 	 44001.3 	 43200 	 0 	 .\mup_settings_ff0909070305.txt_00.txt 
555 	 0 	 0 	 9.57 	 3501 	 0.00101523 	 985.00000000 	 1.00000000 	 0.00101523 	 985.00000000 	 120088 	 43922.6 	 43200 	 0 	 .\mup_settings_ff1010070305.txt_00.txt 
572 	 0 	 0 	 9.95 	 3938 	 0.00105932 	 944.00000000 	 1.00000000 	 0.00105932 	 944.00000000 	 57300 	 46293.8 	 43200 	 0 	 .\mup_settings_ff0101070310.txt_00.txt 
563 	 0 	 0 	 8.51 	 3844 	 0.00107643 	 929.00000000 	 1.00000000 	 0.00107643 	 929.00000000 	 53480 	 43985.6 	 43200 	 0 	 .\mup_settings_ff0202070310.txt_00.txt 
577 	 0 	 0 	 3.09 	 3881 	 0.00111359 	 898.00000000 	 1.00000000 	 0.00111359 	 898.00000000 	 59669 	 44731.1 	 43200 	 0 	 .\mup_settings_ff0303070310.txt_00.txt 
584 	 0 	 0 	 1.94 	 4045 	 0.00105485 	 948.00000000 	 1.00000000 	 0.00105485 	 948.00000000 	 53049 	 44648.5 	 43200 	 0 	 .\mup_settings_ff0404070310.txt_00.txt 
588 	 0 	 0 	 1.57 	 4032 	 0.00105708 	 946.00000000 	 1.00000000 	 0.00105708 	 946.00000000 	 53973 	 47488.3 	 43200 	 0 	 .\mup_settings_ff0505070310.txt_00.txt 
572 	 0 	 0 	 9.95 	 3938 	 0.00105708 	 946.00000000 	 1.00000000 	 0.00105708 	 946.00000000 	 51244 	 45570.0 	 43200 	 0 	 .\mup_settings_ff0606070310.txt_00.txt 
587 	 0 	 0 	 2.99 	 4018 	 0.00110132 	 908.00000000 	 1.00000000 	 0.00110132 	 908.00000000 	 53653 	 45412.6 	 43200 	 0 	 .\mup_settings_ff0707070310.txt_00.txt 
584 	 0 	 0 	 3.54 	 3938 	 0.00109290 	 915.00000000 	 1.00000000 	 0.00109290 	 915.00000000 	 53239 	 43628.1 	 43200 	 0 	 .\mup_settings_ff0808070310.txt_00.txt 
561 	 0 	 0 	 1.93 	 3769 	 0.00107296 	 932.00000000 	 1.00000000 	 0.00107296 	 932.00000000 	 56632 	 44570.6 	 43200 	 0 	 .\mup_settings_ff0909070310.txt_00.txt 
555 	 0 	 0 	 4.77 	 3793 	 0.00100806 	 992.00000000 	 1.00000000 	 0.00100806 	 992.00000000 	 56043 	 43986.1 	 43200 	 0 	 .\mup_settings_ff1010070310.txt_00.txt 
572 	 0 	 0 	 4.26 	 4240 	 0.00105708 	 946.00000000 	 1.00000000 	 0.00105708 	 946.00000000 	 26002 	 45552.4 	 43200 	 0 	 .\mup_settings_ff0101070320.txt_00.txt 
563 	 0 	 0 	 1.74 	 4140 	 0.00108460 	 922.00000000 	 1.00000000 	 0.00108460 	 922.00000000 	 25475 	 44443.2 	 43200 	 0 	 .\mup_settings_ff0202070320.txt_00.txt 
577 	 0 	 0 	 6.48 	 4179 	 0.00110619 	 904.00000000 	 1.00000000 	 0.00110619 	 904.00000000 	 28048 	 45348.1 	 43200 	 0 	 .\mup_settings_ff0303070320.txt_00.txt 
584 	 0 	 0 	 1.39 	 4354 	 0.00106496 	 939.00000000 	 1.00000000 	 0.00106496 	 939.00000000 	 24138 	 44149.7 	 43200 	 0 	 .\mup_settings_ff0404070320.txt_00.txt 
588 	 0 	 0 	 2.82 	 4340 	 0.00106610 	 938.00000000 	 1.00000000 	 0.00106610 	 938.00000000 	 24031 	 45935.2 	 43200 	 0 	 .\mup_settings_ff0505070320.txt_00.txt 
572 	 0 	 0 	 4.26 	 4240 	 0.00106724 	 937.00000000 	 1.00000000 	 0.00106724 	 937.00000000 	 23895 	 43515.2 	 43200 	 0 	 .\mup_settings_ff0606070320.txt_00.txt 
587 	 0 	 0 	 6.73 	 4325 	 0.00110865 	 902.00000000 	 1.00000000 	 0.00110865 	 902.00000000 	 25170 	 43942.3 	 43200 	 0 	 .\mup_settings_ff0707070320.txt_00.txt 
584 	 0 	 0 	 6.08 	 4240 	 0.00110011 	 909.00000000 	 1.00000000 	 0.00110011 	 909.00000000 	 26580 	 45136.7 	 43200 	 0 	 .\mup_settings_ff0808070320.txt_00.txt 
561 	 0 	 0 	 6.02 	 4059 	 0.00107875 	 927.00000000 	 1.00000000 	 0.00107875 	 927.00000000 	 27434 	 46276.9 	 43200 	 0 	 .\mup_settings_ff0909070320.txt_00.txt 
555 	 0 	 0 	 2.38 	 4085 	 0.00101420 	 986.00000000 	 1.00000000 	 0.00101420 	 986.00000000 	 28128 	 48208.1 	 43200 	 0 	 .\mup_settings_ff1010070320.txt_00.txt 
572 	 0 	 0 	 1.18 	 4417 	 0.00105820 	 945.00000000 	 1.00000000 	 0.00105820 	 945.00000000 	 16587 	 45317.6 	 43200 	 0 	 .\mup_settings_ff0101070330.txt_00.txt 
563 	 0 	 0 	 9.68 	 4312 	 0.00108696 	 920.00000000 	 1.00000000 	 0.00108696 	 920.00000000 	 18066 	 48904.5 	 43200 	 0 	 .\mup_settings_ff0202070330.txt_00.txt 
577 	 0 	 0 	 2.08 	 4354 	 0.00110988 	 901.00000000 	 1.00000000 	 0.00110988 	 901.00000000 	 18133 	 45763.6 	 43200 	 0 	 .\mup_settings_ff0303070330.txt_00.txt 
584 	 0 	 0 	 6.53 	 4534 	 0.00106610 	 938.00000000 	 1.00000000 	 0.00106610 	 938.00000000 	 16185 	 45180.6 	 43200 	 0 	 .\mup_settings_ff0404070330.txt_00.txt 
588 	 0 	 0 	 5.87 	 4520 	 0.00107066 	 934.00000000 	 1.00000000 	 0.00107066 	 934.00000000 	 16007 	 45640.6 	 43200 	 0 	 .\mup_settings_ff0505070330.txt_00.txt 
572 	 0 	 0 	 1.18 	 4417 	 0.00107875 	 927.00000000 	 1.00000000 	 0.00107875 	 927.00000000 	 16576 	 46454.1 	 43200 	 0 	 .\mup_settings_ff0606070330.txt_00.txt 
587 	 0 	 0 	 4.14 	 4505 	 0.00112233 	 891.00000000 	 1.00000000 	 0.00112233 	 891.00000000 	 17792 	 49456.6 	 43200 	 0 	 .\mup_settings_ff0707070330.txt_00.txt 
584 	 0 	 0 	 3.80 	 4417 	 0.00110254 	 907.00000000 	 1.00000000 	 0.00110254 	 907.00000000 	 18803 	 48009.3 	 43200 	 0 	 .\mup_settings_ff0808070330.txt_00.txt 
561 	 0 	 0 	 5.10 	 4229 	 0.00107643 	 929.00000000 	 1.00000000 	 0.00107643 	 929.00000000 	 17262 	 43656.6 	 43200 	 0 	 .\mup_settings_ff0909070330.txt_00.txt 
555 	 0 	 0 	 1.02 	 4256 	 0.00100604 	 994.00000000 	 1.00000000 	 0.00100604 	 994.00000000 	 17590 	 45763.8 	 43200 	 0 	 .\mup_settings_ff1010070330.txt_00.txt 
572 	 0 	 0 	 4.26 	 3238 	 0.00206186 	 485.00000000 	 1.00000000 	 0.00206186 	 485.00000000 	 440755 	 43276.1 	 43200 	 0 	 .\mup_settings_ff0101070602.txt_00.txt 
563 	 0 	 0 	 1.74 	 3159 	 0.00212314 	 471.00000000 	 1.00000000 	 0.00212314 	 471.00000000 	 438261 	 43229.4 	 43200 	 0 	 .\mup_settings_ff0202070602.txt_00.txt 
577 	 0 	 0 	 6.48 	 3188 	 0.00216920 	 461.00000000 	 1.00000000 	 0.00216920 	 461.00000000 	 468541 	 43280.7 	 43200 	 0 	 .\mup_settings_ff0303070602.txt_00.txt 
584 	 0 	 0 	 1.39 	 3328 	 0.00207039 	 483.00000000 	 1.00000000 	 0.00207039 	 483.00000000 	 425238 	 43525.8 	 43200 	 0 	 .\mup_settings_ff0404070602.txt_00.txt 
588 	 0 	 0 	 2.82 	 3316 	 0.00203666 	 491.00000000 	 1.00000000 	 0.00203666 	 491.00000000 	 428769 	 43224.7 	 43200 	 0 	 .\mup_settings_ff0505070602.txt_00.txt 
572 	 0 	 0 	 4.26 	 3238 	 0.00211416 	 473.00000000 	 1.00000000 	 0.00211416 	 473.00000000 	 424458 	 43743.8 	 43200 	 0 	 .\mup_settings_ff0606070602.txt_00.txt 
587 	 0 	 0 	 6.73 	 3304 	 0.00215054 	 465.00000000 	 1.00000000 	 0.00215054 	 465.00000000 	 430177 	 43312.0 	 43200 	 0 	 .\mup_settings_ff0707070602.txt_00.txt 
584 	 0 	 0 	 6.08 	 3236 	 0.00216920 	 461.00000000 	 1.00000000 	 0.00216920 	 461.00000000 	 452745 	 43420.1 	 43200 	 0 	 .\mup_settings_ff0808070602.txt_00.txt 
561 	 0 	 0 	 6.02 	 3094 	 0.00210970 	 474.00000000 	 1.00000000 	 0.00210970 	 474.00000000 	 459334 	 43429.4 	 43200 	 0 	 .\mup_settings_ff0909070602.txt_00.txt 
555 	 0 	 0 	 2.38 	 3116 	 0.00202020 	 495.00000000 	 1.00000000 	 0.00202020 	 495.00000000 	 469052 	 43695.9 	 43200 	 0 	 .\mup_settings_ff1010070602.txt_00.txt 
572 	 0 	 0 	 2.32 	 3637 	 0.00215983 	 463.00000000 	 1.00000000 	 0.00215983 	 463.00000000 	 180396 	 43339.5 	 43200 	 0 	 .\mup_settings_ff0101070605.txt_00.txt 
563 	 0 	 0 	 4.16 	 3549 	 0.00223214 	 448.00000000 	 1.00000000 	 0.00223214 	 448.00000000 	 179277 	 43314.1 	 43200 	 0 	 .\mup_settings_ff0202070605.txt_00.txt 
577 	 0 	 0 	 1.47 	 3583 	 0.00227790 	 439.00000000 	 1.00000000 	 0.00227790 	 439.00000000 	 195262 	 43384.7 	 43200 	 0 	 .\mup_settings_ff0303070605.txt_00.txt 
584 	 0 	 0 	 2.70 	 3736 	 0.00218818 	 457.00000000 	 1.00000000 	 0.00218818 	 457.00000000 	 173294 	 43300.4 	 43200 	 0 	 .\mup_settings_ff0404070605.txt_00.txt 
588 	 0 	 0 	 8.74 	 3723 	 0.00218341 	 458.00000000 	 1.00000000 	 0.00218341 	 458.00000000 	 174842 	 44403.1 	 43200 	 0 	 .\mup_settings_ff0505070605.txt_00.txt 
572 	 0 	 0 	 2.32 	 3637 	 0.00221239 	 452.00000000 	 1.00000000 	 0.00221239 	 452.00000000 	 169392 	 43326.6 	 43200 	 0 	 .\mup_settings_ff0606070605.txt_00.txt 
587 	 0 	 0 	 1.33 	 3711 	 0.00222222 	 450.00000000 	 1.00000000 	 0.00222222 	 450.00000000 	 175039 	 43273.9 	 43200 	 0 	 .\mup_settings_ff0707070605.txt_00.txt 
584 	 0 	 0 	 2.07 	 3636 	 0.00227790 	 439.00000000 	 1.00000000 	 0.00227790 	 439.00000000 	 184103 	 43770.8 	 43200 	 0 	 .\mup_settings_ff0808070605.txt_00.txt 
561 	 0 	 0 	 6.19 	 3478 	 0.00215517 	 464.00000000 	 1.00000000 	 0.00215517 	 464.00000000 	 187760 	 43434.0 	 43200 	 0 	 .\mup_settings_ff0909070605.txt_00.txt 
555 	 0 	 0 	 9.57 	 3501 	 0.00209205 	 478.00000000 	 1.00000000 	 0.00209205 	 478.00000000 	 187000 	 43651.9 	 43200 	 0 	 .\mup_settings_ff1010070605.txt_00.txt 
572 	 0 	 0 	 9.95 	 3938 	 0.00217391 	 460.00000000 	 1.00000000 	 0.00217391 	 460.00000000 	 88414 	 43577.0 	 43200 	 0 	 .\mup_settings_ff0101070610.txt_00.txt 
563 	 0 	 0 	 8.51 	 3844 	 0.00225225 	 444.00000000 	 1.00000000 	 0.00225225 	 444.00000000 	 88942 	 44388.5 	 43200 	 0 	 .\mup_settings_ff0202070610.txt_00.txt 
577 	 0 	 0 	 3.09 	 3881 	 0.00227790 	 439.00000000 	 1.00000000 	 0.00227790 	 439.00000000 	 95065 	 43668.6 	 43200 	 0 	 .\mup_settings_ff0303070610.txt_00.txt 
584 	 0 	 0 	 1.94 	 4045 	 0.00219298 	 456.00000000 	 1.00000000 	 0.00219298 	 456.00000000 	 82272 	 43318.9 	 43200 	 0 	 .\mup_settings_ff0404070610.txt_00.txt 
588 	 0 	 0 	 1.57 	 4032 	 0.00219780 	 455.00000000 	 1.00000000 	 0.00219780 	 455.00000000 	 82210 	 43600.9 	 43200 	 0 	 .\mup_settings_ff0505070610.txt_00.txt 
572 	 0 	 0 	 9.95 	 3938 	 0.00219780 	 455.00000000 	 1.00000000 	 0.00219780 	 455.00000000 	 80823 	 43700.8 	 43200 	 0 	 .\mup_settings_ff0606070610.txt_00.txt 
587 	 0 	 0 	 2.99 	 4018 	 0.00225225 	 444.00000000 	 1.00000000 	 0.00225225 	 444.00000000 	 84587 	 43440.4 	 43200 	 0 	 .\mup_settings_ff0707070610.txt_00.txt 
584 	 0 	 0 	 3.54 	 3938 	 0.00224215 	 446.00000000 	 1.00000000 	 0.00224215 	 446.00000000 	 86998 	 43467.0 	 43200 	 0 	 .\mup_settings_ff0808070610.txt_00.txt 
561 	 0 	 0 	 1.93 	 3769 	 0.00224215 	 446.00000000 	 1.00000000 	 0.00224215 	 446.00000000 	 91685 	 44296.4 	 43200 	 0 	 .\mup_settings_ff0909070610.txt_00.txt 
555 	 0 	 0 	 4.77 	 3793 	 0.00210526 	 475.00000000 	 1.00000000 	 0.00210526 	 475.00000000 	 90812 	 44102.2 	 43200 	 0 	 .\mup_settings_ff1010070610.txt_00.txt 
572 	 0 	 0 	 4.26 	 4240 	 0.00218341 	 458.00000000 	 1.00000000 	 0.00218341 	 458.00000000 	 42024 	 44118.0 	 43200 	 0 	 .\mup_settings_ff0101070620.txt_00.txt 
563 	 0 	 0 	 1.74 	 4140 	 0.00223214 	 448.00000000 	 1.00000000 	 0.00223214 	 448.00000000 	 42160 	 44003.7 	 43200 	 0 	 .\mup_settings_ff0202070620.txt_00.txt 
577 	 0 	 0 	 6.48 	 4179 	 0.00229885 	 435.00000000 	 1.00000000 	 0.00229885 	 435.00000000 	 44019 	 43371.4 	 43200 	 0 	 .\mup_settings_ff0303070620.txt_00.txt 
584 	 0 	 0 	 1.39 	 4354 	 0.00219780 	 455.00000000 	 1.00000000 	 0.00219780 	 455.00000000 	 39805 	 43594.6 	 43200 	 0 	 .\mup_settings_ff0404070620.txt_00.txt 
588 	 0 	 0 	 2.82 	 4340 	 0.00221239 	 452.00000000 	 1.00000000 	 0.00221239 	 452.00000000 	 39976 	 43382.0 	 43200 	 0 	 .\mup_settings_ff0505070620.txt_00.txt 
572 	 0 	 0 	 4.26 	 4240 	 0.00222222 	 450.00000000 	 1.00000000 	 0.00222222 	 450.00000000 	 40972 	 45502.5 	 43200 	 0 	 .\mup_settings_ff0606070620.txt_00.txt 
587 	 0 	 0 	 6.73 	 4325 	 0.00228833 	 437.00000000 	 1.00000000 	 0.00228833 	 437.00000000 	 39995 	 43700.4 	 43200 	 0 	 .\mup_settings_ff0707070620.txt_00.txt 
584 	 0 	 0 	 6.08 	 4240 	 0.00229358 	 436.00000000 	 1.00000000 	 0.00229358 	 436.00000000 	 43110 	 43669.0 	 43200 	 0 	 .\mup_settings_ff0808070620.txt_00.txt 
561 	 0 	 0 	 6.02 	 4059 	 0.00222222 	 450.00000000 	 1.00000000 	 0.00222222 	 450.00000000 	 44101 	 44154.4 	 43200 	 0 	 .\mup_settings_ff0909070620.txt_00.txt 
555 	 0 	 0 	 2.38 	 4085 	 0.00207900 	 481.00000000 	 1.00000000 	 0.00207900 	 481.00000000 	 44329 	 45081.0 	 43200 	 0 	 .\mup_settings_ff1010070620.txt_00.txt 
572 	 0 	 0 	 1.18 	 4417 	 0.00217865 	 459.00000000 	 1.00000000 	 0.00217865 	 459.00000000 	 27631 	 45438.3 	 43200 	 0 	 .\mup_settings_ff0101070630.txt_00.txt 
563 	 0 	 0 	 9.68 	 4312 	 0.00225734 	 443.00000000 	 1.00000000 	 0.00225734 	 443.00000000 	 28214 	 45559.1 	 43200 	 0 	 .\mup_settings_ff0202070630.txt_00.txt 
577 	 0 	 0 	 2.08 	 4354 	 0.00228833 	 437.00000000 	 1.00000000 	 0.00228833 	 437.00000000 	 30489 	 45684.0 	 43200 	 0 	 .\mup_settings_ff0303070630.txt_00.txt 
584 	 0 	 0 	 6.53 	 4534 	 0.00219298 	 456.00000000 	 1.00000000 	 0.00219298 	 456.00000000 	 27001 	 47209.1 	 43200 	 0 	 .\mup_settings_ff0404070630.txt_00.txt 
588 	 0 	 0 	 5.87 	 4520 	 0.00222222 	 450.00000000 	 1.00000000 	 0.00222222 	 450.00000000 	 25136 	 43523.3 	 43200 	 0 	 .\mup_settings_ff0505070630.txt_00.txt 
572 	 0 	 0 	 1.18 	 4417 	 0.00221239 	 452.00000000 	 1.00000000 	 0.00221239 	 452.00000000 	 26029 	 44947.6 	 43200 	 0 	 .\mup_settings_ff0606070630.txt_00.txt 
587 	 0 	 0 	 4.14 	 4505 	 0.00229885 	 435.00000000 	 1.00000000 	 0.00229885 	 435.00000000 	 26756 	 45832.0 	 43200 	 0 	 .\mup_settings_ff0707070630.txt_00.txt 
584 	 0 	 0 	 3.80 	 4417 	 0.00228311 	 438.00000000 	 1.00000000 	 0.00228311 	 438.00000000 	 28334 	 44900.9 	 43200 	 0 	 .\mup_settings_ff0808070630.txt_00.txt 
561 	 0 	 0 	 5.10 	 4229 	 0.00224719 	 445.00000000 	 1.00000000 	 0.00224719 	 445.00000000 	 28737 	 44121.3 	 43200 	 0 	 .\mup_settings_ff0909070630.txt_00.txt 
555 	 0 	 0 	 1.02 	 4256 	 0.00208768 	 479.00000000 	 1.00000000 	 0.00208768 	 479.00000000 	 28633 	 45358.5 	 43200 	 0 	 .\mup_settings_ff1010070630.txt_00.txt 
572 	 0 	 0 	 4.26 	 3238 	 0.00313480 	 319.00000000 	 1.00000000 	 0.00313480 	 319.00000000 	 544411 	 43269.8 	 43200 	 0 	 .\mup_settings_ff0101070902.txt_00.txt 
563 	 0 	 0 	 1.74 	 3159 	 0.00325733 	 307.00000000 	 1.00000000 	 0.00325733 	 307.00000000 	 550486 	 43718.8 	 43200 	 0 	 .\mup_settings_ff0202070902.txt_00.txt 
577 	 0 	 0 	 6.48 	 3188 	 0.00328947 	 304.00000000 	 1.00000000 	 0.00328947 	 304.00000000 	 590360 	 43447.9 	 43200 	 0 	 .\mup_settings_ff0303070902.txt_00.txt 
584 	 0 	 0 	 1.39 	 3328 	 0.00312500 	 320.00000000 	 1.00000000 	 0.00312500 	 320.00000000 	 545371 	 43762.1 	 43200 	 0 	 .\mup_settings_ff0404070902.txt_00.txt 
588 	 0 	 0 	 2.82 	 3316 	 0.00308642 	 324.00000000 	 1.00000000 	 0.00308642 	 324.00000000 	 549175 	 43216.6 	 43200 	 0 	 .\mup_settings_ff0505070902.txt_00.txt 
572 	 0 	 0 	 4.26 	 3238 	 0.00319489 	 313.00000000 	 1.00000000 	 0.00319489 	 313.00000000 	 533874 	 43593.6 	 43200 	 0 	 .\mup_settings_ff0606070902.txt_00.txt 
587 	 0 	 0 	 6.73 	 3304 	 0.00330033 	 303.00000000 	 1.00000000 	 0.00330033 	 303.00000000 	 546245 	 43551.7 	 43200 	 0 	 .\mup_settings_ff0707070902.txt_00.txt 
584 	 0 	 0 	 6.08 	 3236 	 0.00321543 	 311.00000000 	 1.00000000 	 0.00321543 	 311.00000000 	 575035 	 43527.3 	 43200 	 0 	 .\mup_settings_ff0808070902.txt_00.txt 
561 	 0 	 0 	 6.02 	 3094 	 0.00318471 	 314.00000000 	 1.00000000 	 0.00318471 	 314.00000000 	 583968 	 43576.3 	 43200 	 0 	 .\mup_settings_ff0909070902.txt_00.txt 
555 	 0 	 0 	 2.38 	 3116 	 0.00298507 	 335.00000000 	 1.00000000 	 0.00298507 	 335.00000000 	 573210 	 43204.6 	 43200 	 0 	 .\mup_settings_ff1010070902.txt_00.txt 
572 	 0 	 0 	 2.32 	 3637 	 0.00319489 	 313.00000000 	 1.00000000 	 0.00319489 	 313.00000000 	 238826 	 43885.7 	 43200 	 0 	 .\mup_settings_ff0101070905.txt_00.txt 
563 	 0 	 0 	 4.16 	 3549 	 0.00340136 	 294.00000000 	 1.00000000 	 0.00340136 	 294.00000000 	 238182 	 43630.7 	 43200 	 0 	 .\mup_settings_ff0202070905.txt_00.txt 
577 	 0 	 0 	 1.47 	 3583 	 0.00336700 	 297.00000000 	 1.00000000 	 0.00336700 	 297.00000000 	 250471 	 43377.7 	 43200 	 0 	 .\mup_settings_ff0303070905.txt_00.txt 
584 	 0 	 0 	 2.70 	 3736 	 0.00331126 	 302.00000000 	 1.00000000 	 0.00331126 	 302.00000000 	 229494 	 43530.0 	 43200 	 0 	 .\mup_settings_ff0404070905.txt_00.txt 
588 	 0 	 0 	 8.74 	 3723 	 0.00328947 	 304.00000000 	 1.00000000 	 0.00328947 	 304.00000000 	 220321 	 43297.0 	 43200 	 0 	 .\mup_settings_ff0505070905.txt_00.txt 
572 	 0 	 0 	 2.32 	 3637 	 0.00332226 	 301.00000000 	 1.00000000 	 0.00332226 	 301.00000000 	 227746 	 44197.2 	 43200 	 0 	 .\mup_settings_ff0606070905.txt_00.txt 
587 	 0 	 0 	 1.33 	 3711 	 0.00341297 	 293.00000000 	 1.00000000 	 0.00341297 	 293.00000000 	 229645 	 43355.7 	 43200 	 0 	 .\mup_settings_ff0707070905.txt_00.txt 
584 	 0 	 0 	 2.07 	 3636 	 0.00342466 	 292.00000000 	 1.00000000 	 0.00342466 	 292.00000000 	 238702 	 43480.5 	 43200 	 0 	 .\mup_settings_ff0808070905.txt_00.txt 
561 	 0 	 0 	 6.19 	 3478 	 0.00332226 	 301.00000000 	 1.00000000 	 0.00332226 	 301.00000000 	 244021 	 43219.5 	 43200 	 0 	 .\mup_settings_ff0909070905.txt_00.txt 
555 	 0 	 0 	 9.57 	 3501 	 0.00308642 	 324.00000000 	 1.00000000 	 0.00308642 	 324.00000000 	 246429 	 43239.3 	 43200 	 0 	 .\mup_settings_ff1010070905.txt_00.txt 
572 	 0 	 0 	 9.95 	 3938 	 0.00332226 	 301.00000000 	 1.00000000 	 0.00332226 	 301.00000000 	 115429 	 43787.5 	 43200 	 0 	 .\mup_settings_ff0101070910.txt_00.txt 
563 	 0 	 0 	 8.51 	 3844 	 0.00343643 	 291.00000000 	 1.00000000 	 0.00343643 	 291.00000000 	 118010 	 43560.9 	 43200 	 0 	 .\mup_settings_ff0202070910.txt_00.txt 
577 	 0 	 0 	 3.09 	 3881 	 0.00344828 	 290.00000000 	 1.00000000 	 0.00344828 	 290.00000000 	 126285 	 44363.8 	 43200 	 0 	 .\mup_settings_ff0303070910.txt_00.txt 
584 	 0 	 0 	 1.94 	 4045 	 0.00328947 	 304.00000000 	 1.00000000 	 0.00328947 	 304.00000000 	 119888 	 46800.9 	 43200 	 0 	 .\mup_settings_ff0404070910.txt_00.txt 
588 	 0 	 0 	 1.57 	 4032 	 0.00335570 	 298.00000000 	 1.00000000 	 0.00335570 	 298.00000000 	 110733 	 43892.4 	 43200 	 0 	 .\mup_settings_ff0505070910.txt_00.txt 
572 	 0 	 0 	 9.95 	 3938 	 0.00333333 	 300.00000000 	 1.00000000 	 0.00333333 	 300.00000000 	 109446 	 43508.0 	 43200 	 0 	 .\mup_settings_ff0606070910.txt_00.txt 
587 	 0 	 0 	 2.99 	 4018 	 0.00342466 	 292.00000000 	 1.00000000 	 0.00342466 	 292.00000000 	 113814 	 43422.7 	 43200 	 0 	 .\mup_settings_ff0707070910.txt_00.txt 
584 	 0 	 0 	 3.54 	 3938 	 0.00348432 	 287.00000000 	 1.00000000 	 0.00348432 	 287.00000000 	 120585 	 44305.5 	 43200 	 0 	 .\mup_settings_ff0808070910.txt_00.txt 
561 	 0 	 0 	 1.93 	 3769 	 0.00337838 	 296.00000000 	 1.00000000 	 0.00337838 	 296.00000000 	 120772 	 43352.6 	 43200 	 0 	 .\mup_settings_ff0909070910.txt_00.txt 
555 	 0 	 0 	 4.77 	 3793 	 0.00315457 	 317.00000000 	 1.00000000 	 0.00315457 	 317.00000000 	 121596 	 44237.5 	 43200 	 0 	 .\mup_settings_ff1010070910.txt_00.txt 
572 	 0 	 0 	 4.26 	 4240 	 0.00330033 	 303.00000000 	 1.00000000 	 0.00330033 	 303.00000000 	 56503 	 44445.9 	 43200 	 0 	 .\mup_settings_ff0101070920.txt_00.txt 
563 	 0 	 0 	 1.74 	 4140 	 0.00341297 	 293.00000000 	 1.00000000 	 0.00341297 	 293.00000000 	 56445 	 43340.1 	 43200 	 0 	 .\mup_settings_ff0202070920.txt_00.txt 
577 	 0 	 0 	 6.48 	 4179 	 0.00349650 	 286.00000000 	 1.00000000 	 0.00349650 	 286.00000000 	 62787 	 45684.8 	 43200 	 0 	 .\mup_settings_ff0303070920.txt_00.txt 
584 	 0 	 0 	 1.39 	 4354 	 0.00332226 	 301.00000000 	 1.00000000 	 0.00332226 	 301.00000000 	 52440 	 43729.6 	 43200 	 0 	 .\mup_settings_ff0404070920.txt_00.txt 
588 	 0 	 0 	 2.82 	 4340 	 0.00332226 	 301.00000000 	 1.00000000 	 0.00332226 	 301.00000000 	 53564 	 44639.3 	 43200 	 0 	 .\mup_settings_ff0505070920.txt_00.txt 
572 	 0 	 0 	 4.26 	 4240 	 0.00337838 	 296.00000000 	 1.00000000 	 0.00337838 	 296.00000000 	 53114 	 43582.0 	 43200 	 0 	 .\mup_settings_ff0606070920.txt_00.txt 
587 	 0 	 0 	 6.73 	 4325 	 0.00350877 	 285.00000000 	 1.00000000 	 0.00350877 	 285.00000000 	 56820 	 45046.9 	 43200 	 0 	 .\mup_settings_ff0707070920.txt_00.txt 
584 	 0 	 0 	 6.08 	 4240 	 0.00343643 	 291.00000000 	 1.00000000 	 0.00343643 	 291.00000000 	 57272 	 43485.5 	 43200 	 0 	 .\mup_settings_ff0808070920.txt_00.txt 
561 	 0 	 0 	 6.02 	 4059 	 0.00337838 	 296.00000000 	 1.00000000 	 0.00337838 	 296.00000000 	 59799 	 44222.8 	 43200 	 0 	 .\mup_settings_ff0909070920.txt_00.txt 
555 	 0 	 0 	 2.38 	 4085 	 0.00318471 	 314.00000000 	 1.00000000 	 0.00318471 	 314.00000000 	 56425 	 43885.9 	 43200 	 0 	 .\mup_settings_ff1010070920.txt_00.txt 
572 	 0 	 0 	 1.18 	 4417 	 0.00328947 	 304.00000000 	 1.00000000 	 0.00328947 	 304.00000000 	 37222 	 44939.0 	 43200 	 0 	 .\mup_settings_ff0101070930.txt_00.txt 
563 	 0 	 0 	 9.68 	 4312 	 0.00340136 	 294.00000000 	 1.00000000 	 0.00340136 	 294.00000000 	 35307 	 43496.5 	 43200 	 0 	 .\mup_settings_ff0202070930.txt_00.txt 
577 	 0 	 0 	 2.08 	 4354 	 0.00344828 	 290.00000000 	 1.00000000 	 0.00344828 	 290.00000000 	 39825 	 44976.5 	 43200 	 0 	 .\mup_settings_ff0303070930.txt_00.txt 
584 	 0 	 0 	 6.53 	 4534 	 0.00328947 	 304.00000000 	 1.00000000 	 0.00328947 	 304.00000000 	 34955 	 44672.0 	 43200 	 0 	 .\mup_settings_ff0404070930.txt_00.txt 
588 	 0 	 0 	 5.87 	 4520 	 0.00335570 	 298.00000000 	 1.00000000 	 0.00335570 	 298.00000000 	 37077 	 46479.2 	 43200 	 0 	 .\mup_settings_ff0505070930.txt_00.txt 
572 	 0 	 0 	 1.18 	 4417 	 0.00335570 	 298.00000000 	 1.00000000 	 0.00335570 	 298.00000000 	 34533 	 43809.4 	 43200 	 0 	 .\mup_settings_ff0606070930.txt_00.txt 
587 	 0 	 0 	 4.14 	 4505 	 0.00346021 	 289.00000000 	 1.00000000 	 0.00346021 	 289.00000000 	 37298 	 46634.6 	 43200 	 0 	 .\mup_settings_ff0707070930.txt_00.txt 
584 	 0 	 0 	 3.80 	 4417 	 0.00346021 	 289.00000000 	 1.00000000 	 0.00346021 	 289.00000000 	 39947 	 47401.0 	 43200 	 0 	 .\mup_settings_ff0808070930.txt_00.txt 
561 	 0 	 0 	 5.10 	 4229 	 0.00335570 	 298.00000000 	 1.00000000 	 0.00335570 	 298.00000000 	 40072 	 45154.2 	 43200 	 0 	 .\mup_settings_ff0909070930.txt_00.txt 
555 	 0 	 0 	 1.02 	 4256 	 0.00316456 	 316.00000000 	 1.00000000 	 0.00316456 	 316.00000000 	 38658 	 44780.1 	 43200 	 0 	 .\mup_settings_ff1010070930.txt_00.txt 
572 	 0 	 0 	 4.26 	 3238 	 0.00413223 	 242.00000000 	 1.00000000 	 0.00413223 	 242.00000000 	 658548 	 43424.6 	 43200 	 0 	 .\mup_settings_ff0101071202.txt_00.txt 
563 	 0 	 0 	 1.74 	 3159 	 0.00432900 	 231.00000000 	 1.00000000 	 0.00432900 	 231.00000000 	 651456 	 43212.8 	 43200 	 0 	 .\mup_settings_ff0202071202.txt_00.txt 
577 	 0 	 0 	 6.48 	 3188 	 0.00436681 	 229.00000000 	 1.00000000 	 0.00436681 	 229.00000000 	 687361 	 43424.4 	 43200 	 0 	 .\mup_settings_ff0303071202.txt_00.txt 
584 	 0 	 0 	 1.39 	 3328 	 0.00414938 	 241.00000000 	 1.00000000 	 0.00414938 	 241.00000000 	 629168 	 43348.5 	 43200 	 0 	 .\mup_settings_ff0404071202.txt_00.txt 
588 	 0 	 0 	 2.82 	 3316 	 0.00418410 	 239.00000000 	 1.00000000 	 0.00418410 	 239.00000000 	 642678 	 43706.3 	 43200 	 0 	 .\mup_settings_ff0505071202.txt_00.txt 
572 	 0 	 0 	 4.26 	 3238 	 0.00427350 	 234.00000000 	 1.00000000 	 0.00427350 	 234.00000000 	 633741 	 43456.2 	 43200 	 0 	 .\mup_settings_ff0606071202.txt_00.txt 
587 	 0 	 0 	 6.73 	 3304 	 0.00440529 	 227.00000000 	 1.00000000 	 0.00440529 	 227.00000000 	 635880 	 43230.8 	 43200 	 0 	 .\mup_settings_ff0707071202.txt_00.txt 
584 	 0 	 0 	 6.08 	 3236 	 0.00438596 	 228.00000000 	 1.00000000 	 0.00438596 	 228.00000000 	 662467 	 43395.1 	 43200 	 0 	 .\mup_settings_ff0808071202.txt_00.txt 
561 	 0 	 0 	 6.02 	 3094 	 0.00429185 	 233.00000000 	 1.00000000 	 0.00429185 	 233.00000000 	 692982 	 43685.6 	 43200 	 0 	 .\mup_settings_ff0909071202.txt_00.txt 
555 	 0 	 0 	 2.38 	 3116 	 0.00404858 	 247.00000000 	 1.00000000 	 0.00404858 	 247.00000000 	 672804 	 43620.6 	 43200 	 0 	 .\mup_settings_ff1010071202.txt_00.txt 
572 	 0 	 0 	 2.32 	 3637 	 0.00432900 	 231.00000000 	 1.00000000 	 0.00432900 	 231.00000000 	 286081 	 43259.5 	 43200 	 0 	 .\mup_settings_ff0101071205.txt_00.txt 
563 	 0 	 0 	 4.16 	 3549 	 0.00454545 	 220.00000000 	 1.00000000 	 0.00454545 	 220.00000000 	 286619 	 43445.8 	 43200 	 0 	 .\mup_settings_ff0202071205.txt_00.txt 
577 	 0 	 0 	 1.47 	 3583 	 0.00454545 	 220.00000000 	 1.00000000 	 0.00454545 	 220.00000000 	 303328 	 43410.3 	 43200 	 0 	 .\mup_settings_ff0303071205.txt_00.txt 
584 	 0 	 0 	 2.70 	 3736 	 0.00436681 	 229.00000000 	 1.00000000 	 0.00436681 	 229.00000000 	 271134 	 43378.0 	 43200 	 0 	 .\mup_settings_ff0404071205.txt_00.txt 
588 	 0 	 0 	 8.74 	 3723 	 0.00432900 	 231.00000000 	 1.00000000 	 0.00432900 	 231.00000000 	 275188 	 44273.0 	 43200 	 0 	 .\mup_settings_ff0505071205.txt_00.txt 
572 	 0 	 0 	 2.32 	 3637 	 0.00442478 	 226.00000000 	 1.00000000 	 0.00442478 	 226.00000000 	 269585 	 43674.2 	 43200 	 0 	 .\mup_settings_ff0606071205.txt_00.txt 
587 	 0 	 0 	 1.33 	 3711 	 0.00438596 	 228.00000000 	 1.00000000 	 0.00438596 	 228.00000000 	 283707 	 43521.3 	 43200 	 0 	 .\mup_settings_ff0707071205.txt_00.txt 
584 	 0 	 0 	 2.07 	 3636 	 0.00456621 	 219.00000000 	 1.00000000 	 0.00456621 	 219.00000000 	 292942 	 43425.4 	 43200 	 0 	 .\mup_settings_ff0808071205.txt_00.txt 
561 	 0 	 0 	 6.19 	 3478 	 0.00440529 	 227.00000000 	 1.00000000 	 0.00440529 	 227.00000000 	 304701 	 43633.2 	 43200 	 0 	 .\mup_settings_ff0909071205.txt_00.txt 
555 	 0 	 0 	 9.57 	 3501 	 0.00411523 	 243.00000000 	 1.00000000 	 0.00411523 	 243.00000000 	 296609 	 43259.0 	 43200 	 0 	 .\mup_settings_ff1010071205.txt_00.txt 
572 	 0 	 0 	 9.95 	 3938 	 0.00440529 	 227.00000000 	 1.00000000 	 0.00440529 	 227.00000000 	 143478 	 43796.2 	 43200 	 0 	 .\mup_settings_ff0101071210.txt_00.txt 
563 	 0 	 0 	 8.51 	 3844 	 0.00456621 	 219.00000000 	 1.00000000 	 0.00456621 	 219.00000000 	 143046 	 44137.4 	 43200 	 0 	 .\mup_settings_ff0202071210.txt_00.txt 
577 	 0 	 0 	 3.09 	 3881 	 0.00454545 	 220.00000000 	 1.00000000 	 0.00454545 	 220.00000000 	 150624 	 43929.6 	 43200 	 0 	 .\mup_settings_ff0303071210.txt_00.txt 
584 	 0 	 0 	 1.94 	 4045 	 0.00436681 	 229.00000000 	 1.00000000 	 0.00436681 	 229.00000000 	 135552 	 43316.5 	 43200 	 0 	 .\mup_settings_ff0404071210.txt_00.txt 
588 	 0 	 0 	 1.57 	 4032 	 0.00444444 	 225.00000000 	 1.00000000 	 0.00444444 	 225.00000000 	 138864 	 44112.5 	 43200 	 0 	 .\mup_settings_ff0505071210.txt_00.txt 
572 	 0 	 0 	 9.95 	 3938 	 0.00444444 	 225.00000000 	 1.00000000 	 0.00444444 	 225.00000000 	 132059 	 43216.9 	 43200 	 0 	 .\mup_settings_ff0606071210.txt_00.txt 
587 	 0 	 0 	 2.99 	 4018 	 0.00458716 	 218.00000000 	 1.00000000 	 0.00458716 	 218.00000000 	 138362 	 43255.5 	 43200 	 0 	 .\mup_settings_ff0707071210.txt_00.txt 
584 	 0 	 0 	 3.54 	 3938 	 0.00460829 	 217.00000000 	 1.00000000 	 0.00460829 	 217.00000000 	 144549 	 43418.0 	 43200 	 0 	 .\mup_settings_ff0808071210.txt_00.txt 
561 	 0 	 0 	 1.93 	 3769 	 0.00442478 	 226.00000000 	 1.00000000 	 0.00442478 	 226.00000000 	 151385 	 44768.5 	 43200 	 0 	 .\mup_settings_ff0909071210.txt_00.txt 
555 	 0 	 0 	 4.77 	 3793 	 0.00418410 	 239.00000000 	 1.00000000 	 0.00418410 	 239.00000000 	 144673 	 43619.9 	 43200 	 0 	 .\mup_settings_ff1010071210.txt_00.txt 
572 	 0 	 0 	 4.26 	 4240 	 0.00444444 	 225.00000000 	 1.00000000 	 0.00444444 	 225.00000000 	 68256 	 43716.6 	 43200 	 0 	 .\mup_settings_ff0101071220.txt_00.txt 
563 	 0 	 0 	 1.74 	 4140 	 0.00450450 	 222.00000000 	 1.00000000 	 0.00450450 	 222.00000000 	 71686 	 44609.0 	 43200 	 0 	 .\mup_settings_ff0202071220.txt_00.txt 
577 	 0 	 0 	 6.48 	 4179 	 0.00460829 	 217.00000000 	 1.00000000 	 0.00460829 	 217.00000000 	 72848 	 43404.5 	 43200 	 0 	 .\mup_settings_ff0303071220.txt_00.txt 
584 	 0 	 0 	 1.39 	 4354 	 0.00444444 	 225.00000000 	 1.00000000 	 0.00444444 	 225.00000000 	 66069 	 44603.2 	 43200 	 0 	 .\mup_settings_ff0404071220.txt_00.txt 
588 	 0 	 0 	 2.82 	 4340 	 0.00446429 	 224.00000000 	 1.00000000 	 0.00446429 	 224.00000000 	 67496 	 44511.1 	 43200 	 0 	 .\mup_settings_ff0505071220.txt_00.txt 
572 	 0 	 0 	 4.26 	 4240 	 0.00448430 	 223.00000000 	 1.00000000 	 0.00448430 	 223.00000000 	 65805 	 43789.3 	 43200 	 0 	 .\mup_settings_ff0606071220.txt_00.txt 
587 	 0 	 0 	 6.73 	 4325 	 0.00460829 	 217.00000000 	 1.00000000 	 0.00460829 	 217.00000000 	 68551 	 44758.9 	 43200 	 0 	 .\mup_settings_ff0707071220.txt_00.txt 
584 	 0 	 0 	 6.08 	 4240 	 0.00465116 	 215.00000000 	 1.00000000 	 0.00465116 	 215.00000000 	 72100 	 44068.9 	 43200 	 0 	 .\mup_settings_ff0808071220.txt_00.txt 
561 	 0 	 0 	 6.02 	 4059 	 0.00450450 	 222.00000000 	 1.00000000 	 0.00450450 	 222.00000000 	 72276 	 43685.2 	 43200 	 0 	 .\mup_settings_ff0909071220.txt_00.txt 
555 	 0 	 0 	 2.38 	 4085 	 0.00420168 	 238.00000000 	 1.00000000 	 0.00420168 	 238.00000000 	 71082 	 44326.6 	 43200 	 0 	 .\mup_settings_ff1010071220.txt_00.txt 
572 	 0 	 0 	 1.18 	 4417 	 0.00434783 	 230.00000000 	 1.00000000 	 0.00434783 	 230.00000000 	 44513 	 44190.0 	 43200 	 0 	 .\mup_settings_ff0101071230.txt_00.txt 
563 	 0 	 0 	 9.68 	 4312 	 0.00450450 	 222.00000000 	 1.00000000 	 0.00450450 	 222.00000000 	 44671 	 43424.4 	 43200 	 0 	 .\mup_settings_ff0202071230.txt_00.txt 
577 	 0 	 0 	 2.08 	 4354 	 0.00454545 	 220.00000000 	 1.00000000 	 0.00454545 	 220.00000000 	 47820 	 43774.6 	 43200 	 0 	 .\mup_settings_ff0303071230.txt_00.txt 
584 	 0 	 0 	 6.53 	 4534 	 0.00446429 	 224.00000000 	 1.00000000 	 0.00446429 	 224.00000000 	 42413 	 43822.8 	 43200 	 0 	 .\mup_settings_ff0404071230.txt_00.txt 
588 	 0 	 0 	 5.87 	 4520 	 0.00446429 	 224.00000000 	 1.00000000 	 0.00446429 	 224.00000000 	 45612 	 46851.3 	 43200 	 0 	 .\mup_settings_ff0505071230.txt_00.txt 
572 	 0 	 0 	 1.18 	 4417 	 0.00442478 	 226.00000000 	 1.00000000 	 0.00442478 	 226.00000000 	 43434 	 44797.3 	 43200 	 0 	 .\mup_settings_ff0606071230.txt_00.txt 
587 	 0 	 0 	 4.14 	 4505 	 0.00454545 	 220.00000000 	 1.00000000 	 0.00454545 	 220.00000000 	 44286 	 43891.0 	 43200 	 0 	 .\mup_settings_ff0707071230.txt_00.txt 
584 	 0 	 0 	 3.80 	 4417 	 0.00467290 	 214.00000000 	 1.00000000 	 0.00467290 	 214.00000000 	 48221 	 46582.8 	 43200 	 0 	 .\mup_settings_ff0808071230.txt_00.txt 
561 	 0 	 0 	 5.10 	 4229 	 0.00450450 	 222.00000000 	 1.00000000 	 0.00450450 	 222.00000000 	 49020 	 45585.5 	 43200 	 0 	 .\mup_settings_ff0909071230.txt_00.txt 
555 	 0 	 0 	 1.02 	 4256 	 0.00425532 	 235.00000000 	 1.00000000 	 0.00425532 	 235.00000000 	 47922 	 44977.0 	 43200 	 0 	 .\mup_settings_ff1010071230.txt_00.txt 
