4083	3429	2774	2120	1466	811	4	4	4	4	4	4
3581	3010	2439	1868	1297	726	4	4	4	4	4	4
3287	2765	2243	1721	1199	677	6	4	4	4	4	4
3078	2591	2104	1616	1129	641	6	4	4	4	4	4
2917	2456	1996	1535	1075	614	6	4	4	4	4	4
2784	2346	1907	1469	1030	592	8	6	4	4	4	4
2673	2253	1833	1413	993	573	8	6	4	4	4	4
2576	2172	1768	1364	960	557	10	6	6	4	4	4
2491	2101	1711	1322	932	542	10	6	6	4	4	4
2414	2037	1660	1283	906	529	10	6	6	4	4	4
2345	1980	1614	1249	883	518	12	8	6	6	4	4
2282	1927	1572	1217	862	507	12	8	6	6	4	4
2224	1879	1533	1188	842	497	14	8	6	6	6	4
2170	1834	1497	1161	824	488	14	8	6	6	6	4
2120	1792	1464	1136	808	480	14	8	6	6	6	4
2074	1753	1433	1112	792	472	16	10	8	6	6	6
2030	1717	1403	1090	777	464	16	10	8	6	6	6
1988	1682	1376	1070	763	457	18	10	8	6	6	6
1949	1649	1350	1050	750	451	18	10	8	6	6	6
1912	1618	1325	1031	738	444	18	10	8	6	6	6
1877	1589	1301	1014	726	438	20	12	8	8	6	6
1843	1561	1279	997	715	433	20	12	8	8	6	6
1811	1534	1257	981	704	427	22	12	10	8	6	6
1780	1508	1237	965	694	422	22	12	10	8	6	6
1750	1484	1217	950	684	417	22	12	10	8	6	6
1722	1460	1198	936	674	412	24	14	10	8	8	6
1694	1437	1180	922	665	408	24	14	10	8	8	6
1668	1415	1162	909	656	403	26	14	10	8	8	6
1643	1394	1145	896	648	399	26	14	10	8	8	6
1618	1373	1129	884	639	395	26	14	10	8	8	6
1594	1354	1113	872	631	391	28	16	12	10	8	8
1571	1334	1097	861	624	387	28	16	12	10	8	8
1549	1316	1083	849	616	383	30	16	12	10	8	8
1527	1298	1068	839	609	379	30	16	12	10	8	8
1506	1280	1054	828	602	376	30	16	12	10	8	8
1486	1263	1040	818	595	372	32	18	12	10	8	8
1466	1247	1027	808	588	369	32	18	12	10	8	8
1447	1231	1014	798	582	366	34	18	14	10	10	8
1428	1215	1002	789	576	362	34	18	14	10	10	8
1410	1200	989	779	569	359	34	18	14	10	10	8
