41
41
15881
8662
20852
3198
4041
17857
18047
11752
28905
28905
28905
28905
28905
28905
28905
28905
28905
28905
28905
28905
28905
28905
28905
28905
28905
28905
28905
28905
28905
28905
28905
28905
28905
28905
28905
28905
28905
28905
28905
28905
28905
28905
28905
28905
28905
28905
28905
28905
28905
28905
28905
28905
28905
28905
28905
28905
28905
28905
28905
28905
28905
28905
28905
28905
28905
28905
28905
28905
28905
28905
28905
28905
28905
28905
28905
28905
28905
28905
28905
28905
28905
28905
28905
28905
28905
28905
28905
28905
28905
28905
28905
28905
28905
28905
28905
28905
19107
20707
16703
18839
