2348
4712
16641
16641
9063
8457
8188
10373
11150
11359
11669
11751
12538
12884
13354
10727
12216
22202
22565
27074
4929
5932
9524
9847
10239
10615
16849
17133
5046
5532
6486
6554
6842
7025
7243
7322
9222
9996
10679
11146
13319
17009
17179
17832
18609
18798
18841
18952
19089
19775
1160
2188
8064
13733
15745
15944
16137
16842
18086
18351
20836
20930
22299
20884
21370
22209
22800
23215
24580
514
1425
2039
2581
16525
16986
28142
29889
32371
315
1402
3450
4988
5703
6500
9216
9532
9852
10525
11701
11962
5738
6694
7256
8637
17210
17810
146
7144
7722
7973
21444
21640
21702
21992
22227
22404
22596
22671
23321
23540
23903
24402
25248
25601
25692
28076
28223
28442
28556
28670
28870
31133
32305
347
